B18_2i_R1	B18_2i_R2	B20_2i_R1	B20_2i_R2	B18_PD_R1	B18_PD_R2	B18_PD_R3	B20_PD_R1	B20_PD_R2	B20_PD_R3	B18_R2i_R1	B18_R2i_R2	B18_R2i_R3	B20_R2i_R1	B20_R2i_R2	B20_R2i_R3
Lefty2	4.01	4	5.67	4.27	5.08	5.04	5.12	5.65	5.57	4.65	0.26	0.13	0.19	0.34	0.21	0.2
Lefty1	3.31	3.38	4.56	3.83	4.96	4.94	5.15	4.97	5.07	4.4	0.43	0.3	0.25	0.3	0.37	0.37
Trh	6.4	6.41	6.95	6.72	6.33	6.72	6.69	6.66	6.14	7.12	2.79	2.67	2.64	4.35	4.22	4.39
Rhox5	3.38	3.71	3.26	4.01	1.41	1.26	1.08	0.5	0.86	1.02	4.08	4.14	4.11	3.39	3.62	3.28
Dppa3	1.56	2.07	1.11	0.54	0.75	1.21	0.61	2.24	2.53	2.17	3.92	4.09	4.01	3.39	3.34	3.44
Id1	1.34	1	0.84	0.8	1.58	1.34	1.43	0.67	0.43	0.74	2.58	2.35	2.96	4.86	3.43	2.36
Fosb	0.59	2.22	1.31	1.63	1.83	3.25	3.73	4.03	1.21	4.47	2.11	1.22	1.92	2.7	3.63	3.78
Fkbp6	5.19	5.45	5.5	5.66	2.26	2.27	2.26	2.6	2.69	3.3	3.46	3.52	3.54	3.95	4.1	3.66
Pitx2	1.38	1.58	2.2	1.67	3.12	3.15	3.16	2.81	2.81	2.33	0.43	0.29	0.29	0.39	0.35	0.26
Grb10	5.57	5.28	6.57	6.67	3.97	3.78	3.58	6.82	6.83	6.94	5.65	5.62	5.63	6.7	6.79	6.64
Spink3	0.55	0.77	0.7	1.25	2.72	2.9	2.54	3.14	2.66	3.97	0.42	0.43	0.42	1.91	1.9	2.13
Dpp4	2.12	2.22	1.92	2.86	1.59	1.52	1.57	0.92	1.09	2.17	4.21	4.27	4.22	3.03	3.12	3.16
Egr2	0.7	1.86	0.51	1.27	1.69	2.6	2.93	3.03	0.69	3.61	1.68	0.89	1.81	3.15	3.13	3.35
Dpysl4	2.64	2.58	2.93	3.28	4.85	4.65	4.8	5.41	5.2	4.49	2.62	2.72	3.04	3.34	3.32	3.25
Krt17	3.06	3.42	4.68	3.43	4.4	4.23	4.53	4.2	4.21	4.18	2.08	2.04	2.17	2.26	2.29	2.34
H19	0.73	1	0.87	0.43	1.69	1.43	1.55	0.51	0.33	0.61	3.16	3.29	3.11	1.9	1.87	1.78
Adh1	2.55	2.64	3.28	2.99	0.42	0.48	0.26	1.65	1.3	0.94	0.44	0.96	0.67	0.96	1.39	0.81
Dclk3	2.36	2.44	2.87	3.71	1.85	1.58	1.69	1.98	1.72	1.88	0.31	0.28	0.51	0.81	0.75	1.02
S100a1	4.92	4.79	5.39	5.11	3.97	3.86	3.79	5.99	6.02	4.8	3.52	3.91	3.86	3.18	3.03	3.35
Nt5e	2.43	2.86	2.15	3.22	0.78	1.27	1.07	0.67	0.48	1.11	0.28	0.28	0.27	0.96	0.29	0.94
Egr1	6.26	7.38	5.75	7.25	6.78	8.18	8.34	8.19	6.55	8.63	6.96	6.18	6.83	8.52	8.27	8.32
Id2	1.15	1.7	2.33	1.84	3.64	3.35	3.46	3.7	3.79	3.6	3.24	2.93	3.47	4.62	4.06	3.63
Copz2	1.67	1.8	1.92	0.7	1.75	1.5	1.63	2.89	2.6	1.4	0.22	0.18	0.15	0.23	0.18	0.22
Wdr45	3.06	2.91	4.05	4.24	5.17	5.04	4.92	5.95	5.85	5.63	5.4	5.07	5.26	5.51	5.48	5.58
Gpx2	4.35	4.47	4.28	4.51	1.87	2.12	2.17	2.5	2.54	2.27	2.37	2.5	2.37	2.99	3.06	3.11
Igfbp7	2.77	2.83	3.27	3.49	5.01	4.68	4.82	4.53	4.68	4.89	3.05	3.05	3.34	2.85	3	2.7
Fos	4.85	6.28	5.91	6.1	5.74	7.19	7.66	7.36	5.91	7.91	6.04	5.4	5.4	6.38	6.59	6.99
Sox7	1.68	1.58	2.24	2.07	3.33	3.51	3.42	4.24	4.1	3.9	2.12	1.98	2.38	3.04	3.09	2.92
Cd97	3.78	3.52	3.55	2.92	3.18	2.96	3.22	2.69	3.24	2.08	3.36	3.51	3.65	1.37	1.39	1.26
Hormad2	1.47	1.22	1.43	1.78	0.55	0.34	0.53	1.42	1.38	1.08	2.48	2.44	2.39	2.85	2.8	2.72
Xlr4a	2.35	2.31	2.54	2.76	0.49	0.63	0.55	0.23	0.26	0.77	1.44	1.65	1.52	1.04	0.97	1.45
Fgf10	2.54	2.18	2.34	2.32	2.56	2.87	2.71	2.83	3.02	2.33	0.65	1.07	0.83	1.29	1.07	1.03
Vwf	4.43	4.29	4.47	4.08	3.58	3.59	3.83	3.65	3.78	3.12	2.52	2.73	2.77	2.23	2.3	2.03
Ctsc	3.27	3.2	3.61	2.95	1.65	1.71	1.98	0.93	1.46	1.35	1.72	1.83	2.03	1.33	1.42	1.51
Dok2	0.89	0.82	1.31	1.38	3.04	2.84	3.04	3.12	2.86	2.88	1.75	1.61	1.76	2.46	2.6	2.56
Krt42	4.73	4.93	5.42	5.08	5.75	5.61	5.59	5.3	5.4	5.55	3.96	3.73	3.76	3.81	3.86	3.86
Gm1967	1.88	2.01	2.94	2.71	0.94	1.15	1.25	0.93	0.51	1.22	0.33	0.63	0.6	0.52	0.68	0.7
Otx2	2.57	2.68	4.08	3.84	4.07	4.23	4.11	5.11	5.02	4.72	2.98	2.91	2.95	3.76	3.68	3.73
Bcas1	3.27	3.13	2.69	2.81	1.46	1.82	1.81	0.83	0.97	1.84	3.05	3.15	2.92	2.56	2.58	2.77
Zfp819	3.76	4.06	3.95	4.49	4.2	4.38	4.48	4.5	4.51	4.45	2.5	2.54	2.44	3.35	3.06	3.04
Dscr6	3.35	3.31	3.77	3.5	2.69	3.22	3.1	4.02	3.96	3.76	2.23	2.01	1.93	2.09	2.04	1.93
EG434729	2.84	3.02	2.97	2.72	0.85	0.82	0.96	1.32	1.5	1.53	1.28	1.5	1.16	0.97	1.45	1.33
Pcolce2	3.84	3.78	4.42	4.28	4.61	4.54	4.78	4.47	4.49	4.55	2.72	2.58	2.92	3.04	3.14	3.25
Fhl1	4.43	4.53	4.71	4.91	4.37	4.22	4.28	5.02	4.87	4.88	3.09	2.98	2.94	3.38	3.39	3.19
Cyr61	0.33	0.62	0.73	0.78	1.48	2.18	2.4	2.23	1.35	2.44	2.11	1.8	2.41	2.26	2.55	2.46
Ppp1r14d	3.33	3.29	4.13	3.83	2.82	2.67	2.77	2.89	2.99	2.52	1.92	2.07	1.98	1.72	1.69	1.66
Bmp4	3.56	3.44	2.65	3.38	4.21	4.3	4.31	4.06	3.4	4.31	5.08	4.97	5.02	5.08	4.98	4.96
Irs2	0.98	0.9	1.28	1.3	2.44	2.37	2.18	3.27	3.16	2.47	2.6	2.4	2.69	3.04	2.92	2.47
Msc	2.66	2.5	3.33	3.32	4.68	4.45	4.57	4.99	4.85	4.85	4	3.99	3.94	4.36	3.94	3.81
Napsa	2.61	2.62	2.78	3.44	3.05	3.05	3.19	4.02	3.67	3.77	1.63	1.51	1.69	2.65	2.46	2.49
Tex19.2	2.37	2.81	1.52	2.76	0.8	0.72	0.85	0.58	0.34	1.26	1.64	1.84	1.7	1.96	1.73	1.85
Anxa3	0.65	0.71	1.5	0.83	2.22	1.72	1.73	0.83	0.58	1.47	2.79	2.54	2.72	1.76	1.94	2.16
Igfbp4	2.3	2.41	3.15	2.49	2.43	2.54	2.5	1.26	1.45	1.53	0.93	0.72	1.1	1.29	1.33	1.04
Fgg	3.08	2.99	3.03	1.65	1.5	1.54	1.46	1.77	1.73	0.96	1.15	1.29	1.49	0.91	0.89	1.01
Col4a1	1.68	1.59	2.17	1.85	3.42	3.61	3.53	3.31	3.72	3.1	2.06	2.17	2.37	2.99	3.25	3.01
Ush1c	3.43	2.87	3.32	2.93	1.42	1.39	1.32	2.6	2.87	1.08	2.47	2.34	2.39	1.87	1.84	1.84
Agpat9	0.55	0.52	0.57	0.4	1.16	1.46	1.4	2.16	2.23	2.05	2	1.99	2.14	2.39	1.94	2.47
Cdkn1c	3.3	3.15	2.19	2.56	3.56	3.39	3.53	2.76	2.73	3.15	4.58	4.51	4.45	3.91	3.77	3.9
Islr2	2.36	1.97	2.63	2.16	3.71	3.43	3.48	3.4	3.03	3.02	1.54	1.68	2.12	2.15	2.03	1.9
Fgf17	2.34	2.49	2.63	2.9	3.3	3.52	3.54	3.45	3.26	3.37	1.67	1.65	1.62	1.97	2.33	2.18
Kiss1	2.63	2.48	2.39	2.42	1.53	1.66	1.86	1.13	1.09	1.31	0.64	0.92	1.13	0.67	0.8	0.63
Trim50	1.97	1.52	1.87	2.03	0.13	0.26	0.31	0.32	0.31	0.41	0.2	0.17	0.17	0.53	0.58	0.3
Spic	2.02	2.17	2.03	1.54	1.09	1.41	1.3	2.02	2.32	1.94	3.08	3.06	3.07	3.28	2.89	2.76
Tgm1	2.19	2.36	2.8	3.13	3.69	3.84	3.96	3.39	3.13	3.78	2.05	1.97	2.12	3.46	3.63	3.27
Slc12a8	3.86	4.1	3.46	3.4	2.47	2.8	2.52	1.7	1.55	2.48	2.3	2.48	2.5	2.82	2.71	2.73
Elf3	4.45	4.43	4.53	3.74	2.83	3.1	3.29	2.87	3.11	2.74	3.7	3.83	3.8	2.77	2.66	2.5
Glrx	3.36	3.26	4.2	3.59	2.05	2.2	2.37	1.91	2.15	1.82	2.23	2.42	2.41	2.36	2.21	2.14
Myo1f	2.72	2.75	2.19	2.79	1.49	1.92	1.76	0.9	1.11	1.34	1.78	1.98	1.9	1.23	0.98	0.59
AA467197	4.22	4.29	4.6	3.83	3.62	3.69	3.61	4.3	4.52	3.9	5.47	5.69	5.62	4.47	4.54	4.79
Pga5	2.43	2.51	2.96	3.33	3.5	3.47	3.39	4.58	4.5	4.38	3.25	3.44	3.51	4.15	4.27	4.28
Phlda1	1.52	1.6	2.14	2.37	2.76	2.74	2.62	2.79	2.21	2.69	2.39	1.9	2.7	4.5	2.84	2.29
Ctgf	5.26	5.92	5.49	5.78	6.77	7.12	7.36	7.01	6.37	6.93	7.09	6.59	7.18	7.12	7.04	7.25
Gng13	1.94	1.82	2.44	2.19	2.78	2.65	2.84	2.02	2.1	1.97	0.72	0.81	1.1	1.19	1.36	1.48
Bzrpl1	3.83	3.52	3.2	2.97	1.96	1.94	2.2	2.08	2.45	1.83	2.37	2.66	2.98	2.05	1.57	1.77
Pdgfc	2.44	2.68	2.79	3.1	2.95	2.78	3.07	3	2.73	3.21	1.56	1.41	1.27	2.12	1.78	1.71
Zfy1	1.47	1.82	1.63	1.69	1.06	1.03	1	2.41	2.47	1.98	2.39	2.3	2.43	2.89	3.02	2.76
S100a13	3.73	3.63	4.87	3.52	3.06	3.3	3.2	4.29	4.83	3.64	3.26	3.6	3.43	2.87	2.65	2.66
Chrna4	2.11	2.01	2.71	2.64	1.69	1.82	1.84	1.6	1.49	1.39	0.55	1.16	1.1	0.63	1.05	0.64
Sh3tc2	2.64	2.58	3.32	3.5	2.27	2.21	2.23	2.04	2.07	2.17	1.73	1.79	1.82	1.24	1.17	1.34
Prrc1	6.75	6.78	6.02	6.16	5.32	5.26	5.31	5.05	5.13	5.16	5.63	5.59	5.76	4.74	4.69	4.71
Lrrc15	3.72	3.7	3.66	3.11	3.19	3.62	3.26	4.78	5.09	4.62	4.68	4.64	4.62	4.6	4.56	4.43
Mt2	4.24	4.21	2.37	3.13	3.8	3.23	3.51	3.76	4.08	3.24	4.91	4.45	4.69	4.28	3.88	4.13
Gpr83	1.41	0.47	1.77	1.66	2.25	2.23	2.25	2.03	2.09	2.04	0.66	0.8	0.92	0.98	0.84	0.88
Scd1	7.03	7.1	6.77	6.42	6.43	6.78	6.66	5.38	5.48	5.62	6.61	6.71	6.72	5.4	5.48	5.48
Scd2	4.94	4.45	3.89	4.04	4.48	4.24	4.19	2.69	3.12	3.47	4.39	4.28	4.53	3.04	3.32	3.39
Pgc	4.4	4.45	4.71	4.47	3.7	3.78	3.88	3.8	3.91	3.89	2.7	3.24	2.78	3.15	3.01	2.9
Sox21	3.28	3.41	3.42	3.67	4.38	4.19	4.2	4.69	4.57	4.96	4.72	4.49	4.88	5.39	5.04	4.91
Pmaip1	2.82	3.1	2.58	2.28	3.11	3.37	3.15	3.01	3.12	3	1.68	1.89	1.96	1.63	1.62	1.94
Si	4.13	4.42	4.72	4.53	3.31	3.39	3.48	3.53	3.33	4.12	3.01	2.7	2.41	3.62	3.65	3.63
Dkk3	4.2	4.41	3.75	4.05	3.84	3.91	3.99	3.69	3.61	3.58	2.53	2.53	2.36	3.03	3.18	2.9
Gsto1	6.3	6.47	7.02	6.93	7.38	7.06	7.09	8.27	8.08	7.77	8.11	8.08	8.19	7.96	7.77	7.92
Slc32a1	3.09	3.22	2.8	3	4.38	4.34	4.57	3.29	3.39	3.31	2.92	2.81	2.72	2.67	2.72	2.67
Got1l1	4.22	4.13	3.97	3.57	3.94	3.73	3.7	3.75	3.86	3.27	5.22	5.32	5.4	4.06	4.26	4.44
Fbp2	2.01	1.98	2	2.61	3.12	2.98	3.04	2.85	3.03	3.19	3.81	3.83	3.84	3.57	3.43	3.35
Aqp3	5.4	5.43	5.43	4.86	5.26	5.45	5.39	5.8	6.13	5.27	6.7	6.84	6.76	5.16	5.35	5.05
Rerg	1.92	1.85	2.28	2.35	1.44	1.37	1.45	0.89	0.9	0.99	0.67	0.81	0.7	0.71	0.55	0.35
Sema5a	1.64	1.49	2.38	1.68	1.62	1.67	1.59	2.22	2.42	1.52	3.15	3.09	3.38	2.55	2.39	2.18
Wdr20b	1.28	1.77	1.88	2.2	0.52	0.77	0.39	0.52	0.5	0.52	0.31	0.41	0.57	0.48	0.16	0.49
Rasgrp1	2.22	2.43	1.17	1.43	0.47	0.59	0.49	0.56	0.7	0.83	1.63	1.42	1.51	1.81	1.5	1.68
Col4a2	1.29	0.84	1.05	1.12	2.61	2.58	2.6	2.55	2.7	1.71	1.42	1.67	1.94	2.01	2.04	1.86
Endod1	1.4	1.42	2.07	2.25	2.63	2.53	2.67	3.58	3.58	3.11	2.63	2.29	2.65	2.88	2.68	2.66
Ufsp2	4.28	4.62	4.4	4.36	2.81	3.08	2.85	3.35	3.06	3.34	4.32	4.16	4.16	4.05	3.82	4
Serpinb6c	5.65	5.51	6.02	6.01	5.95	6.1	5.93	6.22	6.34	5.82	4.98	5.03	5.18	4.56	4.56	4.74
Gadd45g	2.9	2.58	1.89	2.04	2.44	2.13	2.53	0.93	1.06	1.54	2.68	2.76	2.43	2.42	2.39	2.95
Egln3	2.65	2.74	3.13	3.01	2.76	3.09	2.97	2.05	2.08	2.31	1.84	1.67	1.83	1.45	1.61	1.58
Pdzk1	2.38	2.41	2.73	1.78	1.29	1.49	1.3	2.6	3.17	1.39	2.41	2.62	2.51	2.59	2.72	2.76
Taf7l	0.91	0.97	1.58	1.74	0.29	0.47	0.37	0.37	0.23	0.94	1.31	1.65	1.7	1.9	1.73	1.36
Smarcd3	1.85	1.78	2.18	2.29	1.84	1.63	1.62	0.84	1.13	1.5	0.46	0.39	0.9	0.88	0.71	1.02
H13	2.68	2.81	3.18	2.78	1.72	1.74	1.83	3.1	2.94	3.31	2.07	2.16	2.16	3.16	3.23	3.38
Samd9l	2.03	1.94	2.84	2.52	2.6	2.78	2.84	1.32	1.22	1.75	1.51	1.25	1.28	1.48	1.88	1.97
Calb2	2.39	2.14	2.54	2.14	0.78	1.05	0.68	1.11	1.25	1.05	1.08	1.09	0.77	1.25	1.08	1.19
Rhox6	1.05	0.82	1.16	1.09	1.31	0.53	1.11	2.54	2.55	1.93	2.06	1.73	2.05	1.83	1.93	1.76
Ube1l	2.61	2.5	1.34	1.82	0.83	0.86	0.91	0.87	1.2	0.92	1.22	1.44	1.26	0.9	0.76	0.55
Bhlhb2	4.87	4.71	4.56	4.18	4.08	4.62	4.63	3.97	4.42	3.7	3.98	4.05	3.88	3.09	3.12	2.96
Spsb1	2.67	2.93	2.91	2.91	2.84	2.96	2.98	2.98	3.3	2.64	1.87	2.14	1.86	1.68	1.73	1.44
Actb	5.06	4.74	4.04	4.04	4.53	3.21	3.64	4.37	3.82	3.11	4.69	3.7	4.94	3.47	4.14	3.87
Cnga3	1.89	2.16	1.59	1.07	0.96	1.06	1.15	0.46	0.49	0.69	2.05	2.23	2.05	1.52	1.23	0.94
Osr2	1.11	1.21	1.22	1.21	1.48	1.42	1.88	1.42	1.06	2.03	0.95	1.18	1.75	3.12	2.53	2
Slc38a4	2.47	2.18	2.19	2.13	1.05	1.39	1.1	0.56	0.62	0.84	1.62	1.76	1.53	0.86	1.49	1.2
Acoxl	0.5	0.71	1.03	1.01	1.92	1.46	1.98	2.31	2.51	1.8	1.41	0.69	1.09	1.04	1.2	1.14
Rhox9	2.02	2.39	2.3	2.2	1.98	1.86	1.92	3.27	3.63	2.76	3.08	3.42	3.46	2.73	2.8	2.63
Lpl	4.66	4.41	4.52	4.13	4.05	4.08	3.87	2.98	3.35	3.56	4.98	5.05	4.86	4.01	3.79	3.79
Dmrtc2	4.16	4.31	3.72	3.48	2.48	2.74	2.95	2.4	2.71	2.53	2.92	2.91	2.88	2.6	2.64	2.89
Sorl1	4.79	4.27	4.37	4.41	4.46	4.19	4.47	3.74	4.22	3.58	3.51	3.65	4.1	3.12	3.27	2.67
Dnajb13	3.4	3.58	2.81	3.11	2.75	2.72	2.67	1.96	1.62	1.99	3.19	3.15	3.32	2.14	2.39	2.26
Id4	3.44	3.24	2.94	2.95	3.53	3.6	3.82	3.57	3.23	3.57	2.55	2.17	2.56	2.48	2.14	2.15
Ina	1.2	1.06	1.06	0.98	1.62	1.32	1.47	2.02	1.98	1.93	2.27	2.21	2.07	2.59	2.68	2.59
Emp1	3.72	4.01	4.44	4.86	5.69	5.77	5.85	4.95	4.97	5.52	4.94	4.88	4.92	5.08	5	4.95
Igfbp2	5.5	5.61	5.68	4.94	5.83	5.95	5.95	5.01	5.47	5.15	4.8	4.94	4.7	4.35	4.27	4.34
Lamb3	1.08	0.8	1.22	1.07	1.43	0.89	0.94	2.34	2.64	1.99	1.44	1.29	1.59	2.13	2.12	2.07
Peg3	1.17	0.32	0.29	0.3	1.21	1.43	1.29	0.43	0.29	0.31	1.44	1.78	1.94	1.21	0.64	0.93
Tgm2	2.94	2.78	2.31	1.73	2.59	2.47	2.78	2.04	2.15	1.8	2.18	2.46	2.31	1.16	1.38	1.08
Sfrp1	5.17	5.08	5.12	5.02	5.6	5.52	5.43	5.18	5.3	4.95	4.54	4.25	4.39	3.93	4.15	3.88
Bcar3	2.2	2.45	1.93	1.87	2.24	2.41	2.56	1.67	1.78	1.79	1.36	0.7	1.29	1.53	0.88	1.07
Epha2	3.04	2.59	3	2.88	4.08	3.83	3.74	3.48	3.25	3.2	2.12	2.19	2.87	3.12	2.56	2.51
Dio3	1.61	1.96	2.17	2.1	3.27	3.06	3.35	3.27	2.84	3.29	2.51	2.31	2.62	3.35	3.08	3.01
Stat5a	3.15	2.78	3.01	3.05	2.19	1.98	2.13	1.92	1.84	1.99	1.78	1.72	1.64	1.49	1.6	1.58
Cyp51	5.36	5.29	5.02	4.77	4.56	4.73	4.72	3.98	3.92	3.85	4.73	4.77	4.75	3.83	3.57	3.84
Ndrg1	2.93	3.37	2.91	3.05	3.99	4.07	4.09	3.46	3.71	3.51	4.51	4.6	4.7	3.92	4.05	3.99
Crtac1	3.61	3.75	4.19	3.77	4.53	4.47	4.65	5.11	4.85	4.62	3.45	3.36	3.23	4.1	4.05	3.92
Zc3h6	1.59	1.87	1.47	1.14	0.81	0.9	1.16	0.75	0.55	0.38	1.58	2.19	1.79	0.65	0.52	0.6
Edn1	0.55	0.36	0.81	1.1	1.46	1.16	1.32	2.13	2.03	1.97	1.16	0.68	1.46	2.1	1.67	1.57
Defb42	1.65	1.32	0.98	1.06	0.71	0.76	0.44	0.85	0.88	0.85	1.9	2.21	2.22	1.56	1.67	1.75
Sct	1.75	1.9	1.65	1.31	2.42	1.96	2.27	1.56	1.93	1.62	2.95	3.07	3.24	2.08	2.11	2.29
Pycr2	6.28	6.36	6.47	6.03	6.51	6.65	6.53	6.38	6.29	6.24	5.43	5.5	5.31	5.18	5.29	5.12
Meis2	3.01	3	3.04	3.14	1.73	1.84	1.69	1.83	1.6	1.8	2.13	2.01	1.65	2.01	1.92	1.89
Tspan32	2.02	2.14	1.81	2.63	2.65	2.62	2.77	2.42	2.37	2.47	1.41	1.26	0.84	1.77	1.81	2.03
Tdgf1	5.68	6	5.36	5.47	5.9	6.12	6.03	5.24	5.94	5.29	5.14	4.97	5.34	4.71	4.27	4.56
Cebpb	4.57	4.57	4.8	5.14	5.05	5.02	4.95	6.12	5.8	5.98	5.78	5.46	5.69	5.98	5.96	6.1
Ubd	5.25	5.34	4.9	4.73	4.05	4.16	4.1	4.24	4.2	4.02	4.78	4.82	4.84	3.6	3.53	3.87
Dhcr7	3.17	3.12	3.18	2.57	2.32	2.52	2.39	1.69	1.45	1.83	2.56	2.91	2.8	1.7	2.02	2.25
Slc38a8	2.12	2.11	1.58	1.6	0.84	1.05	1.16	0.53	0.49	0.53	1.81	1.99	1.68	1.22	1.08	1.44
Rapgef3	1.14	1.47	1.79	1.95	1.28	1.37	1.38	0.92	0.73	0.8	0.58	0.57	0.34	0.21	0.45	0.21
Pdlim4	1.71	1.77	2.45	0.96	1.59	1.7	1.44	2.82	3.31	2.14	2.04	2.23	1.96	2.12	2.25	1.85
Gpr143	1.97	1.93	1.35	1.6	0.45	0.51	0.52	0.45	0.44	0.68	0.48	0.5	0.47	0.55	0.57	0.89
Id3	0.9	1.18	2.08	2.3	1.54	1.7	1.96	1.42	1.39	2.16	2.58	1.83	2.19	2.85	2.63	2.26
Gja1	6.38	6.37	6.19	6.82	6.53	6.66	6.55	6.33	5.97	7.27	7.22	7.1	7.04	7.69	7.56	7.72
Abcb1b	4.78	4.8	5.31	5.03	5.33	5.34	5.35	5.31	5.28	4.95	4.13	3.92	4.19	4.18	4.19	4.1
Junb	2.11	2.23	1.95	2.38	2.32	2.7	3.14	3.54	2.5	3.02	2.17	1.46	2.32	3.14	3.05	3.01
Tipin	1.49	2.12	2.79	2.21	1.88	1.81	1.88	1.76	1.83	2.32	1.5	1.01	1.78	2.29	2.75	3.18
Six6os1	0.96	0.34	1.39	1.1	0.45	0.56	0.65	0.7	0.89	0.61	1.9	1.61	1.42	1.59	1.81	1.94
Rab11fip5	4.43	4.29	5.08	4.75	4.35	4.31	4.52	5.43	5.46	4.44	3.78	3.83	3.85	3.97	4.09	3.78
Mras	3.32	3.48	3.61	3.76	3.93	3.88	4.09	3.33	3.4	3.71	2.67	2.75	2.94	2.47	2.72	2.43
Notum	2.39	2.65	2.78	2.64	3.02	3.11	3.26	2.39	2.24	2.64	1.49	1.47	1.6	2.19	2.28	2.07
Zmat4	3.34	3.41	3.29	4.14	3.57	3.85	3.78	3.45	3.27	3.88	2.39	2.47	2.32	3.42	3.66	3.78
Klf6	4.26	4.28	4.05	4.04	5.02	4.91	5.03	4.63	4.76	4.79	5.79	5.66	5.71	5	4.65	4.93
Stmn1	4.43	4.88	4.8	5.16	5.52	5.7	5.57	6.17	5.99	6.25	5.01	5.13	5.05	5.86	5.9	5.87
Igf2	4.5	4.41	3.74	3.74	5.25	4.84	4.94	3.71	3.82	3.85	5.08	5.08	4.93	4.57	4.5	4.58
Npal2	0.23	0.33	0.81	0.86	1.36	1.55	1.32	1.44	1.78	1.89	0.45	0.34	0.68	0.67	0.52	0.77
Slc6a7	2.58	2.03	2.4	2.55	1.44	1.37	1.21	2.18	1.74	1.61	0.8	1.17	1.16	1.5	1.24	1.51
620807	2.44	2.86	2.26	2.37	2.81	3.19	2.93	2.57	2.59	2.8	1.49	1.64	1.55	1.8	1.79	2.13
Ets2	4.99	5.14	5.63	5.39	5.68	5.81	5.86	6.1	5.87	5.81	4.97	5.05	4.95	4.63	4.6	4.32
Cpne9	4.11	4.38	3.43	3.27	3.04	3.16	3.07	2.66	2.72	2.94	4	4.1	4.06	3.65	3.64	3.73
Epb4.9	2.42	2.7	3.28	2.72	3.41	3.17	3.31	3.82	3.55	3.11	2.22	2.16	2.46	2.18	2.54	2.35
Aldoc	4.72	4.82	4.65	4.09	4.05	4.3	4.15	3.13	3.14	3.52	3.69	3.86	3.78	3.49	3.39	3.47
Akr1b8	2.42	2.67	2.25	2.34	2.07	1.97	2.34	0.86	0.69	1.88	2.29	2.01	2.08	2.27	2.31	2.41
Ffar2	0.8	0.43	1.09	0.88	0.63	0.51	0.44	0.61	1.02	0.79	1.94	2.16	1.88	0.88	0.83	1.03
Rhob	2.32	2.78	2.38	2.2	2.98	3.51	3.31	3.68	3.2	3.08	3.77	3.86	3.82	3.07	2.82	2.89
Slit2	2.18	1.85	1.94	1.82	2.03	1.93	1.98	2.22	3.2	2.35	2.86	3.44	3.28	2.36	2.14	2.19
S100a6	1.22	1.88	2.44	2.05	2.85	2.72	2.77	2.89	3.39	3.17	2.69	2.72	2.7	3.15	2.68	2.81
Ccdc68	1.97	1.93	2.33	1.59	2.25	2.03	2.04	2.45	2.68	1.94	1.6	1.7	1.84	0.89	1.04	0.86
Cdx1	1.81	2.85	2.13	1.56	1.53	0.91	1.32	1.32	1.71	0.76	1.59	1.3	1.35	1.53	1.02	0.71
Klk1	2.8	3.15	2.34	2.33	2.37	2.38	2.49	1.55	2.2	1.73	1.3	1.52	1.67	1.64	1.61	1.65
Inpp5d	3.17	2.93	2.65	2.3	2.33	2.46	2.39	2.09	2.12	1.41	3.02	3.4	3.38	2.2	2.33	2.39
Fads2	2.81	2.69	2.64	2.12	2.12	1.93	2.15	1.4	1.28	1.65	2.62	2.76	2.66	1.55	1.73	1.65
Epb4.1l1	2.73	2.32	3.03	2.32	3.33	3.13	3.09	3.21	2.92	2.66	2.26	2.12	2.38	2.17	1.78	1.57
Atp1a2	1.1	0.42	0.39	0.52	1.4	1.13	1.95	0.39	0.32	0.32	0.2	0.4	0.22	0.3	0.17	0.09
Serpinf1	1.93	1.92	1.11	2.45	1.97	1.99	1.55	2.85	2.85	2.67	2.91	2.54	2.86	2.44	2.62	2.46
Cyba	6.37	6.45	6.87	6.33	5.6	5.36	5.41	5.92	6.07	5.58	5.18	5.31	5.43	5.34	5.13	5.61
Vax2	2.01	2.07	1.89	1.51	2.04	2.01	2.11	1.57	1.65	1.59	1.17	1.13	1.04	1.09	0.44	0.69
Slc30a1	2.01	1.48	0.96	1.56	1.38	1.39	1.49	2.32	2.4	2.21	2.06	1.95	2.2	3.15	1.98	1.91
Spon2	1.83	2.28	1.75	1.85	2.82	2.63	2.87	1.27	1.66	2.2	2.85	2.94	2.92	2.34	2.37	2.47
Ahnak	3	2.82	4.11	3.73	3.67	3.22	3.7	4.21	4.08	3.66	2.52	2.75	2.86	3.17	3.37	3.31
Shisa2	3.16	3.16	3.53	3.67	4.01	3.94	3.67	3.39	3.46	3.76	2.43	2.45	2.42	2.94	3.04	3
Dner	2.52	2.21	2.16	2.03	1.04	1.52	1.53	1.12	1.68	1.21	0.93	1.26	1.11	1.25	1.04	0.81
Tmem63a	2.02	1.97	2.08	1.39	2.26	1.79	1.79	1.9	1.89	1.3	1.03	0.78	0.82	0.86	0.93	1.16
Hspg2	5.59	4.92	5.47	5.47	6.88	6.38	6.44	6.07	6.61	5.81	6.05	6.14	6.49	5.7	6.02	5.54
Gna14	0.81	1.44	0.22	1	0.32	0.35	0.4	0.62	0.41	1.3	0.84	0.85	0.48	1.56	1.59	1.76
Mest	3.23	3.41	2.08	2.72	3.73	3.86	3.92	2.73	2.54	2.69	3.58	3.38	3.46	3.04	3.21	3.24
Rbm35a	2.98	3.2	2.89	2.92	2.85	3.11	2.95	3.73	3.83	3.65	3.9	3.84	3.84	4.13	4.12	4.3
Atad4	1.95	1.7	1.65	1.27	1.62	1.68	1.76	1.12	1.47	1.38	2.73	2.69	2.77	1.83	1.57	2.22
Fhod3	1.7	1.95	1.47	1.88	1.86	1.63	1.68	1.65	2	1.52	0.73	0.64	0.72	0.75	0.72	0.99
Hrk	1.81	1.91	1.81	2.64	2.01	1.73	1.47	2.32	2.41	2.93	1.93	1.97	1.52	2.8	2.76	3.04
Ndrl	3.04	3.36	3.16	2.94	3.85	4.11	3.88	3.26	3.64	3.44	4.34	4.48	4.52	4.2	3.95	3.94
Lmo2	0.89	0.95	1.03	0.54	1.78	1.29	1.61	1.86	1.99	1.59	0.81	0.99	0.66	0.74	0.52	0.47
Trim47	1.25	1.22	1.67	1.21	0.72	1.01	0.84	1.12	1.69	1	0.33	0.47	0.22	0.19	0.16	0.38
Gsc	2.03	1.88	1.83	1.72	1.94	1.86	2.05	2.64	3.09	2.22	2.93	2.9	3.03	1.94	1.93	1.61
Anxa2	4.53	4.74	5.22	4.42	5.64	5.87	6	5.04	4.93	5.01	5.69	5.92	5.84	5.55	5.42	5.58
Arl11	1.97	2.32	1.85	2.18	0.93	0.91	1.22	0.76	0.95	0.79	1.32	1.25	1.4	0.79	1.19	1.1
Zp3	1.65	1.79	1.66	1.79	1.2	1.13	1.22	1.01	0.81	1.86	2.17	2.11	1.98	2.39	2.22	2.42
Tmem125	1.76	1.92	2.25	2.65	2.6	2.44	2.79	3.23	3.37	3.57	2.63	2.33	2.47	2.99	3.02	3.13
Nsg2	1.37	1.81	1.19	1.97	1.05	1.04	0.94	0.72	0.47	0.8	0.21	0.37	0.42	0.41	0.67	0.82
Sord	3.23	3.41	2.73	3.62	3.11	3.16	2.98	2.59	2.42	3.27	3.72	3.81	3.66	3.96	4.03	3.97
Cox6a2	0.3	0.15	0.54	1.45	0.43	0.36	0.22	1.24	1.17	1.22	0.79	0.99	1.19	1.43	1.61	1.42
Emid2	3.11	3.42	3.63	4.16	2.95	2.82	2.91	3.59	3.65	3.88	3.75	3.62	3.33	4.23	4.33	4.36
Plekha2	4.98	5.15	5.09	5.16	4.29	4.68	4.58	4.02	4.16	4.08	4.04	4.17	4.08	3.59	3.97	3.88
Smarca1	2.78	2.6	2.93	3.1	2.69	2.88	2.77	3.46	3.42	3.22	1.82	1.95	1.82	2.83	2.67	2.81
Tmem108	2.11	2.17	2.59	2.7	2.66	2.61	2.68	2.72	2.72	2.82	1.71	1.34	1.49	1.77	2.03	1.82
Tex19.1	5.83	5.92	5.63	6.17	4.74	4.82	4.68	5.18	5.12	5.23	5.67	5.63	5.49	6.27	5.99	5.79
Sc4mol	6.8	6.81	6.36	6.47	6.31	6.39	6.51	5.44	5.69	5.53	6.46	6.56	6.56	5.5	5.61	5.64
EG574403	0.32	0.64	0.36	1.19	1.79	1.45	1.41	1.54	1.47	1.77	0.86	0.72	0.65	1.59	1.47	1.51
Slc11a1	3.5	3.78	2.94	3.53	3.83	3.95	3.98	3	2.95	3.93	4.34	4.33	4.16	4.08	4.26	4.4
LOC666979	0.82	0.74	1.62	1.47	1.31	1.45	1.41	2.08	2.12	1.96	1.04	0.91	0.73	2.03	1.7	1.93
Plac8	1.84	2	1.92	2.16	1.74	1.92	1.79	1.53	1.55	1.61	2.35	2.54	2.52	2.69	2.73	3.22
Rps15a	3.14	3.4	3.79	4	3.5	4.34	4.24	4.8	3.87	3.69	4.23	4.02	3.98	4.21	4.64	4.91
Mme	1.35	1.65	2.15	1.66	2.73	2.91	2.46	2.68	2.77	2.32	1.87	2.04	1.56	1.89	1.68	1.85
Gja4	1.32	1	2.81	1.22	1.76	1.06	1.29	0.82	0.94	0.6	1.44	1.43	1.51	1.14	1.34	1.25
Cdc20	4.43	4.25	4.69	4.7	5.25	5.17	5.29	5.57	5.54	5.65	5.85	5.66	5.42	5.73	5.56	5.53
Cited4	1.18	0.69	2.18	1.98	2.49	1.84	2.32	2.4	2.09	1.92	2.26	2.25	2.35	2.35	2.39	1.68
Ppp1r9a	3.52	3.09	3.35	3.45	4.21	4.16	4.04	4.21	4.11	3.72	4.81	4.44	4.54	4.28	4.51	4.38
Myo1g	1.55	1.95	1.52	1.6	1.43	1.44	1.88	0.4	0.81	0.6	0.66	0.89	0.64	0.86	1.24	0.86
Pfkm	4.19	4.07	3.9	3.73	3.68	3.65	3.7	2.55	2.62	2.74	3.43	3.68	3.64	3.21	3.25	3.52
Wnk1	1.99	0.75	2.33	2.28	1.85	2.21	1.99	1.99	2.34	1.34	2.34	2.11	2.47	2.23	2.7	2.67
Stard4	4.28	4.21	4.2	3.59	3.75	3.6	3.47	2.63	2.93	3.12	3.71	3.61	3.97	3.1	3.19	3.16
Col9a2	2.6	2.71	2.32	2.09	2.5	2.68	2.71	2.73	3.02	2.36	3.43	3.67	3.75	2.42	2.58	2.37
Plvap	1.77	1.83	1.64	1.94	2.28	2.42	2.48	2.75	2.41	2.63	2.61	2.65	2.67	3.03	3.16	3.26
Nod1	4.44	4.46	4.72	4.13	4.38	4.45	4.69	4.01	4.24	4.4	3.23	3.39	3.16	4.05	3.92	3.95
Tmem117	1.99	2.28	2.65	2.82	2.32	2.34	2.15	2.49	2.49	2.63	1.82	1.41	1.55	1.51	1.56	1.44
Sepw1	4.51	4.54	4.08	4.75	3.86	3.62	3.56	4.56	4.41	4.17	4.62	4.61	4.56	5	4.99	5.26
Cacna1h	2.13	1.77	1.53	1.26	1.34	1.53	1.61	1.11	0.99	0.37	0.73	0.86	0.84	0.61	0.7	0.84
Saa3	3.24	3.27	3.11	3.15	2.79	2.91	2.88	3.05	3.05	2.93	4.24	4.1	4.3	3.13	3.36	3.34
H2-DMb1	1.97	1.72	1.73	1.4	0.44	0.92	0.55	0.79	0.57	0.41	1.48	1.23	1.29	1.07	1.08	0.96
Atf3	0.42	0.74	0.73	1.05	1.02	1.33	1.32	1.89	1.09	2.16	0.77	0.89	1.34	1.24	1.63	1.86
Rassf4	0.87	1.17	1.29	1.39	1.66	1.83	1.86	0.31	0.87	0.94	0.53	1.09	0.35	0.78	0.68	0.85
Osbpl6	2.27	2.26	1.57	1.53	1.45	1.53	1.61	1.04	1.29	1.02	2.39	2.46	2.3	1.54	1.65	1.3
Fmr1nb	5.09	5.26	5.4	5.26	3.97	3.97	4.01	4.44	4.5	4.11	4.35	4.39	4.32	4.3	4.27	4.37
Slc9a3r2	2.77	2.92	3.37	3.39	3.77	3.67	3.76	3.95	3.62	3.81	2.63	2.67	2.46	3.48	3.51	3.17
Adssl1	5.6	5.6	5.21	4.86	4.34	4.23	4.37	4.77	4.94	4.13	4.43	4.53	4.56	4.36	4.26	4.16
Sirpa	3.39	3.16	3.58	3.02	3.7	3.67	3.74	3.27	3.5	3.06	2.78	2.77	2.92	2.36	2.55	2.25
Mslnl	0.28	0.26	1.2	0.21	1.5	1.4	1.66	0.7	0.77	0.49	0.4	0.35	0.4	0.35	0.56	0.57
EG433182	4.84	5.15	4.37	4.49	4.63	4.68	4.63	3.58	3.38	3.95	4.11	4.1	4.32	3.99	3.7	4.19
Bcl3	2.01	2.11	2.63	1.92	1.69	1.76	1.63	1.73	1.87	1.7	1.54	1.73	1.49	1.03	0.7	0.85
Car2	1.56	0.96	1.86	1.04	2.02	2.11	2.41	0.81	1.31	1.6	1.8	1.67	1.82	1.13	1.51	0.86
Rbmx	0.84	0.52	0.76	1.1	1.27	1.73	1.11	2.06	1.93	2.22	1.44	1.56	1.1	1.26	1.45	1.56
Pglyrp1	1.47	1.57	1.78	1.28	0.71	0.76	0.69	0.38	0.25	0.48	0.3	0.85	0.35	0.64	0.84	0.71
Prkcbp1	1.34	1.47	2.01	1.46	1.92	1.93	1.84	2.09	1.98	2.11	2.27	2.19	2.74	2.85	2.79	2.64
Jam3	1.85	2.02	1.95	2.27	1.84	1.67	1.67	1.32	1.16	1.63	0.57	0.75	1.04	1.41	1.22	1.24
Klhl22	3.7	3.56	3.88	3.55	3.31	3.42	3.01	2.57	2.7	2.59	4.05	3.84	3.9	3.12	3.47	3.36
Apoa2	4.07	4.29	3.68	4.28	3.63	3.74	3.42	3.29	3	4.25	4.1	4.22	3.87	4.54	4.38	4.65
Ccl25	0.78	0.84	1.35	1.39	1.99	2.04	2.03	2.17	2.4	2.06	1.5	1.23	1.48	1.84	1.57	1.84
Cd68	4	3.93	3.74	3.26	2.84	2.97	3.03	2.98	2.9	3	2.55	2.83	2.44	2.56	2.81	2.84
Rras	5.35	5.35	5	4.46	4.81	4.7	4.79	4.18	4.2	3.99	4.88	4.98	5.09	4.12	4.16	4.04
Hk1	2.94	2.39	3.1	2.39	2.54	2.27	2.56	1.68	1.8	1.58	2.52	2.45	2.84	1.69	2.1	1.89
Ccne2	1.42	2.02	2.79	2.81	1.87	2.26	2.22	2.18	2.05	2.51	1.81	1.36	1.21	2.29	1.9	2.39
Atf5	5.52	5.5	5.79	6.12	6.18	5.78	5.78	7.14	6.9	6.61	6.44	6.4	6.47	6.47	6.3	6.37
Gm817	3.01	2.84	3.2	3.56	1.89	2.23	1.95	2.41	2.51	2	2.81	2.88	2.64	2.94	2.81	2.88
Mocos	3.24	3.13	2.74	2.96	2.05	2.61	2.26	2.58	2.84	2.27	1.79	1.99	2.02	2.15	1.98	1.9
Rxra	1.86	1.59	1.34	1.09	1.34	0.89	1.24	0.6	0.43	0.85	1.84	1.72	2.05	0.94	1.07	1.39
Nid1	4.98	4.63	4.86	4.54	4.79	4.83	4.75	4.1	4.37	3.99	4.65	4.59	4.97	3.57	3.74	3.76
Rarg	1.22	0.58	1.12	1.73	1.44	1.77	1.58	0.83	1.12	1.35	1.92	2.12	1.87	1.98	1.86	2.14
Ang	2.03	2.13	2.73	2.72	3.15	3.01	3.18	3.23	3.22	3.16	2.08	2.08	2.06	2.6	2.55	2.74
Sulf1	1.77	2.12	1.75	2.41	2.41	2.35	2.56	1.26	1.3	2.36	1.63	1.74	1.56	2.3	2.65	2.56
Casp14	1.08	0.91	1.72	1.81	1.37	1.41	1.67	1.26	1.36	2.25	1.38	1.28	1.38	2.19	2.35	2.41
Stx12	5.28	5.13	5.06	4.67	4.38	4.55	4.59	3.82	3.86	3.96	4.33	4.32	4.12	4.13	3.95	3.96
Enox1	4.38	4.46	4.95	5.67	5.47	5.74	5.63	5.67	5.32	5.88	5.2	5.15	5.15	5.81	5.84	5.61
Eml1	1.3	0.8	1.5	1.83	1.71	2.18	2.09	2.59	2.34	2.35	1.36	1.56	1.6	2.06	2.02	2.03
Tcea3	3.4	3.4	2.81	2.98	2.89	2.74	2.81	2.3	1.85	2.59	2.01	2.24	2.1	2.25	2.25	2.66
Uba1	2.97	3.43	3.93	3.71	2.62	2.88	2.65	3.09	2.76	3.19	3.02	3.11	1.97	3.43	3.17	3.31
Bbc3	4	4.13	4.13	3.8	5.03	4.67	4.96	4.6	4.61	4.81	5.28	5.19	5.29	4.93	4.95	4.85
Spnb2	3.76	3.11	2.77	2.72	3.52	3.23	3.36	2.61	2.65	2.52	3.41	3.34	4.11	2.6	3.07	2.89
Prlr	0.66	0.72	0.47	0.4	0.5	0.36	0.34	1.7	1.42	1.02	1.51	1.64	1.08	0.91	0.82	1.06
Ptp4a3	3.04	3.48	2.69	2.84	3.11	3.12	3.24	2.6	2.4	3.06	3.8	3.84	3.86	3.44	3.61	3.71
Ddx25	2.27	2.4	2.82	2.62	3.07	2.92	2.94	2.54	2.62	2.98	3.62	3.48	3.35	3.56	3.5	3.67
Sfn	1.98	2.33	2.98	1.47	1.82	1.92	1.87	2.98	2.76	2.41	2.05	2.65	2.18	2.77	2.03	1.83
Zfp365	1.87	1.95	2.19	1.8	2.73	2.76	2.44	1.35	1.54	2.19	2.62	2.79	2.55	2.52	2.69	2.61
Gata3	0.21	0.19	0.25	0.33	0.58	0.34	0.36	1.1	0.64	0.57	1.2	1.31	1.52	1.17	1.31	0.92
Mvd	3.75	3.72	3.38	3.43	3.6	3.4	3.54	2.74	2.88	2.93	3.8	3.8	3.94	2.67	2.58	2.91
Ramp2	1.89	1.64	1.62	1.2	1.79	1.59	1.77	0.97	1.44	1.09	2.38	2.55	2.51	1.6	1.84	1.79
Bmp7	2.97	2.94	2.34	1.74	2.02	2.24	1.88	1.68	1.66	1.58	2.44	2.33	2.26	1.65	1.82	1.52
Tle6	4.41	4.35	4.06	3.86	4.34	4.24	4.35	3.81	3.73	3.9	5.21	5.21	4.97	4.54	4.34	4.56
Bckdha	4.6	4.61	4.26	4.52	5.64	5.62	5.72	5.24	5.28	5.42	5.47	5.42	5.7	5.31	5.27	5.14
Cbr3	2.41	2.79	2.55	2.31	1.96	1.71	1.79	2.2	1.88	1.47	2.14	1.66	1.44	1.26	1.27	1.7
Ctnnal1	5.73	5.76	6.29	6.11	6.5	6.51	6.47	6.84	6.83	6.68	7.21	7.06	7.07	7.05	6.95	6.86
Adam23	3.81	3.69	3.34	4.37	4.42	4.47	4.21	4.39	4.02	4.53	3.49	3.09	3.38	3.98	4.27	4.13
Pcolce	3.91	4.12	3.92	3.85	4.06	4.01	4.1	3.62	3.75	4.01	2.71	2.91	2.87	3.64	3.48	3.53
Slc6a15	2.93	2.77	2.85	3.43	3.63	3.75	3.65	3.97	3.56	4.02	2.92	2.67	2.66	3.44	3.52	3.38
Ovgp1	1.87	1.63	1.97	1.81	0.79	1.12	1.23	0.77	0.68	0.5	1.05	0.95	1.44	0.81	1.36	1.49
Pon2	0.88	1.43	1.86	1.74	2.29	2.06	2.17	1.84	1.5	2.25	2.69	2.57	2.36	1.97	2.06	2.24
Serping1	2.73	2.83	2.78	2.5	3.65	3.21	3.21	3.2	3.27	3.28	3.91	4.02	3.94	3.61	3.59	3.49
Stk31	1.6	1.51	1.51	2	0.56	0.87	0.92	0.65	0.96	1.25	1.27	1.37	1.32	2.18	1.68	1.64
Rnf17	1.09	1.8	2.21	2.17	0.7	1.05	1.11	0.99	1.76	1.33	1.44	1.06	1.04	1.87	1.23	1.72
Prps2	2.51	2.76	2.07	1.84	2.48	2.38	2.55	1.27	1.06	1.81	2.38	2.26	2.31	2.12	2.24	2.11
Cpsf4l	5.56	5.46	5.92	6.06	5.52	5.44	5.42	5.95	5.92	5.9	4.72	4.65	4.69	5.21	5.37	5.43
Plekha4	1.09	1.23	0.79	0.63	0.49	1.04	0.74	1.41	1.14	1.28	1.7	1.89	1.78	1.6	1.72	1.82
Syt4	0.77	0.79	1.23	1.37	1.15	1.07	1	1.54	1.36	1.73	1.4	1.56	1.44	2.09	2.18	2.26
Ttn	1.76	0.64	1.23	1.78	2.25	2.27	2.2	1.11	1.44	1.61	1.61	1.37	1.78	1.71	2.27	1.68
Cyp7b1	1.98	2.18	2.24	2.5	2.23	2.09	2.34	2.25	2.18	2.32	3.32	3.08	3.37	3	2.57	2.93
Gca	1.24	1.65	1.39	0.64	1.1	1.24	1.14	0.87	1.19	1.19	2.18	2.13	2.22	1.63	1.48	1.46
Ms4a10	1.98	2.39	2.14	2.43	2.55	2.56	2.78	1.81	1.76	2.63	2.61	2.37	2.6	3.13	3.24	3.25
Abcd4	3.16	3.05	2.82	2.58	2.24	2.05	2.07	1.71	1.74	1.84	2.78	2.51	2.26	2.09	2	2.53
Gata2	2.66	2.54	3.29	2.12	1.8	2.02	2.01	1.91	2.44	2.14	1.85	2.09	2.17	1.7	1.5	1.55
Dnaic1	1.39	1.51	1.11	0.9	1.26	1.3	1.51	0.64	0.54	1.09	1.96	2.21	1.91	1.22	1.61	1.44
Ckmt1	4.93	4.95	5.33	4.49	4.4	4.39	4.36	4.26	4.02	3.9	4.61	4.68	4.71	3.94	3.86	3.71
Naprt1	1.59	1.3	1.19	1.58	1.37	0.85	1.1	1.8	1.91	1.64	1.96	1.87	1.7	2.35	2.38	2.32
Gm129	2.87	2.88	3.47	4.07	3.39	3.46	3.49	3.96	3.74	4.26	3.4	3.4	3.34	4.16	4.24	4.11
LOC545238	1.4	1.05	2.46	2.24	1.29	1.28	0.99	1.73	1.81	1.17	1.23	1.37	1.08	0.82	1.31	1.08
Acot2	0.79	0.63	0.82	0.68	0.78	0.77	0.98	1.88	1.9	1.51	1.48	1	1.3	1.82	1.57	1.38
Iap	5.87	5.65	5.07	5.15	5.35	5.31	5.35	4.88	4.84	4.26	5.56	5.78	6.05	4.92	5.18	5.09
Aldh1b1	1.66	1.81	1.43	1.41	2.03	2.09	1.95	2.43	2.21	1.48	0.88	1.18	1.17	1.34	1.2	1.15
Trib3	2.71	2.34	2.57	3.43	2.86	2.72	2.46	3.54	2.95	3.51	3.26	3.27	3.57	3.55	3.36	3.72
Olig2	1.48	1	1.94	1.4	1.33	1.45	1.47	1.6	1.57	1.37	0.56	0.35	0.43	1.18	1.3	0.85
Zscan5b	1.44	1.71	1.33	1.27	0.64	0.67	0.73	0.45	0.56	0.39	0.93	0.95	0.97	0.23	0.26	0.33
Sult5a1	0.58	0.43	1.65	1.45	0.46	0.63	0.42	1.24	1.72	0.82	0.39	0.57	0.57	0.56	0.71	0.6
Crmp1	1.71	1.52	1.25	1.3	2.18	2.24	2.36	1.42	1.38	1.98	1.59	2.15	1.86	2.45	2.65	2.27
Ldha	7.12	7.4	7.55	7.18	7.1	7.37	7.36	5.95	6.46	6.28	7.04	7.28	6.92	6.64	6.66	6.75
Skil	3.58	3.43	3.92	3.57	3.87	4.01	3.78	3.42	3.84	3.52	2.98	3.06	2.82	2.91	2.76	2.71
Fdps	6.92	6.9	6.7	6.4	6.22	6.48	6.45	5.71	5.65	5.82	6.59	6.84	6.77	5.9	5.87	5.96
Mia1	3.85	4.01	3.2	4.15	4.12	4.18	4.22	4.19	4.03	4.65	3.94	3.87	3.95	4.62	4.88	5.06
Mmd2	1.25	1.1	1.22	2	1.59	1.49	1.61	2.17	2	2.07	1.34	1.11	1.04	2.06	2.19	2.3
Wbscr27	1.96	1.76	1.96	2.11	2.61	2.44	2.37	2.86	2.92	2.75	3.02	3.14	2.99	2.99	2.76	3.02
Stard8	2.19	1.75	2.81	2.1	2.68	2.5	2.69	2.74	3.07	2.32	2.13	2.17	2.16	1.76	1.66	1.59
Crym	1.64	1.87	2.55	2.39	2.04	1.87	1.97	2.72	3.14	2.49	1.81	2.01	1.55	1.77	1.77	1.72
Dcxr	2.74	2.83	2.64	2.19	3.3	2.99	2.95	2.64	3.03	3	3.71	3.9	3.77	3.16	3.1	2.99
Plekhb2	4.92	4.8	5.23	4.34	4.33	4.26	4.37	3.88	3.77	3.77	4.36	4.54	4.23	3.85	3.77	3.84
Gstp2	7.72	7.83	7.33	7.22	6.83	6.95	6.91	7.03	6.93	6.54	6.78	6.89	6.74	6.39	6.35	6.26
Cadps2	2.58	2.52	2.13	2.92	2.46	2.17	2.24	1.51	1.8	2.89	2.01	1.94	1.99	3.01	2.79	2.69
Lims2	0.78	1.08	1.33	1.22	1.61	1.37	1.77	0.59	0.79	1.06	0.32	0.48	0.52	0.49	0.62	0.58
Ddah1	4.47	4.55	4.93	4.92	4.88	4.79	4.73	4.39	4.31	5.1	5.54	5.47	5.34	5.49	5.59	5.49
Ccnd1	2.14	1.86	2.27	2.47	2.71	2.85	2.66	2.19	2.24	3.3	1.83	1.61	1.84	2.66	2.56	2.38
Nppb	0.64	1.07	1.24	1.23	1.25	1.19	1.36	1.65	1.65	1.53	1.1	1.27	1.65	2.65	1.84	1.69
Pygl	1.66	1.63	2.12	1.43	1.59	2.11	1.67	1.94	2.13	1.45	2.59	2.85	2.63	1.77	1.72	1.53
Tppp3	0.47	0.55	1.01	0.63	1.1	1.32	1.46	1.34	0.93	1.43	0.56	0.45	0.46	1.62	1.52	1.5
Cd3d	2.71	3.03	2.57	3.5	2.9	2.8	2.83	2.34	2.5	2.25	2.57	2.58	2.84	1.62	2.02	2.16
Krt8	3.04	3.14	3.65	2.98	4.31	3.79	4.01	4.06	4.09	3.57	3.8	3.89	4	3.3	3.09	3.14
Mtl5	1.07	1.72	0.85	1.02	1.35	1	1.18	0.59	1.11	1.09	2.05	1.99	1.86	1.59	1.71	1.73
Zfp521	0.96	1.21	1.3	1.66	2.16	2.25	2.33	2.23	2.12	2.58	2.12	2.11	1.98	2.12	2.03	2.01
Nat2	0.69	0.46	0.87	0.45	0.7	0.49	0.7	0.54	0.58	0.56	1.61	1.81	1.59	0.87	0.71	1.13
Trim2	3.18	2.86	3.15	3.37	4.2	4.33	4.07	3.86	3.92	3.94	3.61	3.68	3.51	4.2	4.13	4.12
Plk2	2.29	2.42	2.63	2.24	2.97	2.92	3.17	2.13	1.99	2.52	3.2	3.19	3.39	3.02	3.11	2.93
Unc45b	0.7	0.43	0.46	1	1.53	1.99	1.77	0.78	0.81	1.08	1.21	0.95	0.69	1.34	1.03	0.87
Mmp17	4.8	4.93	4.93	4.63	4.93	4.73	4.84	4.36	4.72	4.38	3.99	4.11	4.14	3.88	3.79	3.7
Zfp780b	1.2	1.48	2.15	2.15	1.75	1.83	1.57	2.35	2.15	2.43	1.56	1.42	0.94	2.2	2.02	2.23
Taf15	5.51	5.1	4.7	5.17	5.18	5.23	5	4.83	4.38	4.01	5.58	5.57	5.61	5.02	5.24	5.19
Klk1b5	1.9	2.01	1.41	1.49	1.03	1.18	1.38	0.55	1.13	1.04	0.55	0.69	0.63	1	0.88	0.94
Clcnkb	6.23	6.3	5.84	5.95	5.36	5.43	5.4	5.19	5.17	5.34	5.13	5.11	5.1	4.81	5.04	5.16
Cited2	2.23	1.86	2.9	2.63	2.99	2.88	2.88	3.25	2.77	2.94	2.68	2.41	2.5	2.3	2.04	1.71
Gabarapl2	0.97	0.89	1.39	1.57	0.89	0.72	1.22	1.6	1.56	1.34	1.53	1.93	2.06	1.74	1.91	2.13
Klk10	0.97	1.41	2.3	2.01	2.36	2.16	2.22	2.56	1.95	2.72	1.56	1.9	1.78	2.23	2.17	2.08
Grit	3.46	3.05	3.38	3.24	3.59	3.48	3.62	2.89	3.37	2.88	2.53	2.59	2.64	2.6	2.6	2.3
Rln1	1.37	1.47	1.55	2.1	2.38	1.93	2.25	2.73	2.71	2.63	2.48	2.08	2.44	2.07	2.52	2.53
Spry4	1.93	2.06	1.77	2.64	1.76	1.7	1.74	2.01	1.3	2.19	1.72	1.71	1.74	3.15	2.15	2.27
Pdk4	1.93	2.18	2.18	1.61	1.4	1.71	1.75	1.01	1.23	0.88	1.32	1.63	1.43	1.11	0.74	1.08
Fst	1.94	1.84	2.35	2.44	2.83	2.62	2.87	1.67	1.78	2.48	1.75	1.87	1.55	1.98	1.59	2.09
Pkd2	2.83	2.1	3.07	3.31	3.51	3.92	3.53	3.6	3.72	3.58	3.32	3.44	3.51	3.51	3.86	3.33
F2r	5.5	5.56	6.14	5.72	5.87	6.2	6.19	5.13	5.17	5.45	5.06	5.19	4.97	5.18	5.08	5.05
Aire	4.21	4.12	4.71	4.21	4.82	5.01	4.99	4.56	4.14	4.43	4.05	3.43	3.82	3.86	4.36	4.44
Qpct	3.9	4.16	4.21	3.91	3.48	3.49	3.41	3.56	3.46	3.44	3.13	2.99	2.91	2.92	2.87	3.13
Crisp1	1.22	1.5	1.52	2.22	2.27	1.89	1.67	2.15	2.63	2.59	1.91	1.81	1.61	2.24	2.37	2.58
Slc39a4	6.75	6.51	7.11	6.06	6.39	6.28	6.41	6.31	6.42	5.88	6.08	6.1	5.99	5.57	5.6	5.49
Metrn	3.49	3.3	3.77	3.46	4.41	4.3	4.33	3.68	3.69	4.04	3.34	3.24	3.33	3.01	3.31	3.3
Thy1	1.95	1.98	1.54	2.07	0.83	1.24	0.91	1.06	0.94	1.07	0.88	0.93	1.14	1.44	1.67	1.73
LOC545013	2.05	1.97	2.03	2.37	3.12	2.88	2.8	3.31	3.12	2.93	2.16	2.17	2.35	2.64	2.57	2.39
Zap70	1.59	1.51	1.85	1.29	1.3	1.52	1.54	0.35	0.24	0.95	1.2	1.34	1.57	1.06	1.09	1.3
Fam169b	2.33	2.5	2.9	2.77	3.39	3.39	3.33	3.05	3.2	3.42	3.5	3.48	3.47	3.64	3.77	3.82
Cbln1	2.01	2.09	2.52	2.45	2.44	2.43	2.69	3.36	3.59	2.89	2.64	2.69	2.85	2.41	2.14	2.24
Oas1g	1.75	2.08	1.75	1.94	1.35	1.48	1.68	1.33	1.16	1.83	1.13	1.02	1.06	0.73	0.82	0.81
AK122525	1.67	1.38	2.04	2.08	2.6	2.41	2.11	2.61	2.46	2.65	2.29	1.93	2.18	2.9	2.95	2.63
LOC544988	0.66	0.88	0.98	0.57	1.82	1.34	1.01	1.76	1.79	1.73	0.62	0.78	1.2	1.22	1.11	0.94
Slc37a1	1.46	0.89	1.4	0.59	1.65	1.51	1.7	1.41	0.63	1.33	1.22	0.8	1.23	0.38	0.63	0.67
Icam1	5.56	5.55	6.12	5.63	5.33	5.23	5.34	5.4	5.34	5.17	4.59	4.63	4.97	4.76	4.65	4.83
H2afy	6.48	6.3	6.02	5.57	6.17	6.24	6.18	5.88	6.25	6.09	7	7.12	7.07	6.19	6.1	6.07
Klf7	2.98	2.61	2.6	2.39	3.07	2.73	2.67	3.38	3.06	2.78	3.69	3.62	3.75	3.32	3.49	3.19
Elovl6	5.64	5.41	5.51	5.37	5.51	5.61	5.46	4.93	5.05	4.98	6.23	6.39	6.28	5.43	5.53	5.51
Nfatc4	4.32	4.37	4.48	4.12	4.46	4.44	4.53	4.64	4.67	4.3	3.64	3.73	3.61	3.64	3.55	3.55
Efha1	2.63	2.78	2.83	3.22	3.57	3.58	3.59	3.93	3.93	3.7	3.68	3.5	3.59	4	3.82	3.85
Aldh1l2	0.71	0.35	0.72	1.73	1.17	0.59	0.52	1.39	1.1	1.2	0.95	0.6	1.04	1.46	1.5	1.63
Btg4	2.46	1.9	1.98	2.1	2	2.05	1.46	2.65	2.79	1.94	2.86	2.78	2.63	2.65	2.75	2.66
Mmp14	3.55	3.61	4.04	3.56	4.27	4.1	4.39	3.9	3.94	4.03	3.21	3.05	3.26	3.25	3.2	3.37
Tmem116	1.86	2.15	1.45	1.37	0.57	0.92	0.97	0.59	1.28	0.79	1.51	1.54	1.35	1.28	1.06	1.26
Satb1	2.86	2.33	2.12	2.17	2.26	2.42	2.29	1.66	2.19	1.96	3.03	3.19	3.11	2.6	2.57	2.56
Cplx1	2.39	2.4	2.06	2.1	2.81	2.73	2.82	3.58	3.41	2.72	2.34	2.19	2.39	2.84	2.75	2.77
Tgfbi	5.97	6.02	5.52	5.48	5.76	5.72	5.84	5.01	5.12	5.15	5.06	5.01	4.84	4.93	4.98	4.78
Dazl	2.05	1.98	2.18	2.55	0.91	1.48	1.28	1.05	1.3	1.47	1.47	1.86	1.87	1.66	1.58	1.61
Ulk1	4.59	4.21	4.29	4.25	4.94	4.73	4.65	5.02	5.36	4.57	4.97	5.06	5.71	5.03	5.25	5.24
Reep6	4.13	4.11	4.13	4.47	4.39	4.21	4.28	5.22	5.12	5.09	4.92	4.92	5.05	5.02	4.98	5.08
Stc2	2.69	2.6	3.05	3.73	3.36	3.17	3.24	3.62	3.54	4.3	3.45	3.32	3.26	3.58	3.86	3.71
Ap4s1	3.52	3.61	3.71	4.29	4.35	4.07	4.22	4.62	4.51	4.89	4.43	4.06	4.33	4.74	4.7	4.83
Ogt	3.53	3.36	3.68	3.88	3.64	3.78	3.74	4.78	4.71	3.92	4.17	4.09	4.17	4.52	4.36	4.39
Ppp1r1a	5.11	5.13	5.09	5.05	5.67	5.38	5.61	5.79	5.8	5.38	4.58	4.58	4.64	4.96	4.8	4.71
Timm8a2	1.49	1.34	0.65	1.47	0.66	0.85	0.59	0.31	0.31	0.29	0.33	0.52	0.3	0.36	0.57	0.33
Krt18	1.28	1.44	1.78	0.89	1.81	1.26	1.61	1.39	1.7	1.33	2.03	2.18	2.4	1.42	0.9	1.27
Tcfap2c	5.52	5.44	5.35	5.16	4.65	4.72	4.78	5.67	5.65	5.22	5.75	5.76	5.87	5.73	5.96	5.81
Fam122b	4.41	3.89	4.17	4.54	4.55	4.83	4.43	4.78	4.63	4.85	5.1	5	5.06	5.26	5.2	5.48
Tek	2.83	2.58	3.09	3.28	3.46	3.81	3.64	4.12	4.13	3.79	3.36	3.26	3.16	3.46	3.61	3.62
Stag3	5.32	5.15	5.18	5.56	4.33	4.24	4.31	4.54	4.79	4.33	4.88	4.99	4.71	5.19	5.15	5.3
Zcwpw1	2.4	2.14	1.84	2.45	2.14	2.21	2.23	2.12	2.31	2.51	2.9	2.98	2.79	3.16	3.2	2.98
Ctsf	0.57	0.77	1.11	1.24	1.79	1.69	1.77	1.68	1.48	2.06	1.42	1.31	1.17	1.57	1.89	1.96
Mycl1	3.66	3.76	4.25	4.05	4.75	4.65	4.79	4.92	5.1	4.84	4.27	4.14	4.13	4.51	4.72	4.5
Ttyh2	3.77	3.79	3.26	2.58	3.29	3.14	3.3	2.58	3.24	2.9	3.4	3.6	3.68	2.71	2.75	2.72
Jak3	1.99	1.65	1.49	1.04	1.08	0.88	0.91	1.09	0.83	0.86	1.52	2.01	1.75	0.71	1.34	1.39
Gtf3c1	3.95	3.26	3.5	3.16	3.87	3.56	3.92	3.08	3.23	2.77	4.01	3.82	4.34	3.38	3.22	3.36
Tmem131	3.91	2.92	3.26	2.8	3.63	3.13	3.19	2.91	2.85	2.9	3.76	3.47	4.09	2.75	3.26	2.98
Slc46a3	4.1	3.96	3.3	3.29	2.85	3.17	3.04	2.72	2.51	2.81	2.96	3.01	2.97	2.75	3.04	3.16
Aldh1l1	2.91	2.43	2.48	2.25	2.14	1.88	1.95	1.53	1.66	1.84	1.92	2.42	1.73	1.58	1.57	1.44
Nr6a1	4.16	4.42	3.73	3.97	3.72	3.8	3.65	3.44	3.47	3.49	4.65	4.62	4.58	4.23	4.12	4.23
Slc25a30	2.36	2.3	2.1	1.48	1.51	1.7	1.43	1.5	1.32	1	2.01	2.19	2.02	1.55	1.15	1.42
Dgat2	1.49	1.46	1.99	2.79	1.41	1.61	1.46	2.06	2.11	2.19	1.19	1.47	1.84	1.98	2.28	2.03
Zfhx2	4.23	3.74	4.52	4.24	4.5	4.35	4.29	4.16	4.15	3.74	4.2	3.93	4.15	3.18	3.47	3.24
Map2k6	1.84	1.62	2.2	1.82	1.35	1.44	0.89	1	0.96	1.36	2.07	2.26	1.85	1.64	1.48	1.6
Padi6	2.18	2.1	2.13	1.82	1.58	1.57	1.48	1.97	2.26	1.11	1.95	2.01	1.91	1.17	0.9	1.41
Hey1	1.92	1.99	1.98	2.05	2.66	2.32	2.54	2.62	2.77	2.54	1.67	1.57	1.78	1.69	1.61	1.79
Ctsw	1.69	1.97	1.97	1.99	1.6	2.01	2.24	2.03	1.81	1.97	1.02	1.01	0.87	1.84	1.8	2.09
Gadd45b	2.89	2.28	2.28	1.78	2.79	2.18	2.19	1.93	2.13	2.08	2.96	2.81	3.18	2.36	2.15	2
Snhg11	3.68	3.08	3.88	3.38	3.11	3.22	2.88	3.69	3.47	2.72	3.83	3.5	3.41	3.64	4.17	4.12
Manba	6.42	6.6	6.44	6.84	6.08	6.15	6.09	6.37	6.01	6.28	5.61	5.4	5.52	5.73	5.65	5.82
Lst1	2.15	2.43	2.17	1.97	1.55	1.34	1.74	2.05	2.36	2.2	1.22	1.44	1.21	1.75	1.37	1.48
Zhx1	1.96	1.69	1.68	2.05	1.9	1.88	1.39	1.92	1.77	2.25	1.4	1.43	1.16	2.65	2.47	2.32
Parp3	0.59	0.49	1.05	1.24	1.22	1.49	1.18	1.72	1.72	1.4	1.11	0.7	1.33	1.37	1.79	1.86
Ly6e	2.36	2.51	2.62	2.22	1.84	2.05	1.82	2.13	1.93	2.19	1.29	1.59	1.02	1.88	1.83	1.92
Mat2a	6.89	6.61	7.38	7.54	7.5	7.44	7.44	8.18	8.05	7.6	7.37	7.29	7.25	7.97	7.9	7.84
Robo1	2.99	2.76	3.13	3.06	3.05	3.31	3.27	2.86	3.24	3.07	2.08	2.23	2.25	2.58	2.33	2.43
Mcc	2.49	2.42	2.46	2.8	2.47	2.4	2.43	1.42	1.27	2.12	1.88	1.95	1.75	1.95	2.13	2.13
Ly6g6e	5.75	5.73	5.89	5.85	5.88	5.62	5.81	6.81	6.74	6.23	5.44	5.39	5.51	6.04	6.16	6.2
Pipox	2.68	2.58	2.39	2.64	1.82	1.87	1.79	1.49	1.29	1.86	1.77	1.93	2.23	2.24	2.13	2.47
Ddit3	2.82	2.67	3.02	3.03	3.24	2.38	2.23	3.26	3.44	3.62	3.26	3.57	3.43	3.23	3.47	3.38
Ube2l6	2.8	2.42	2.11	1.95	2.53	2.56	2.58	2.59	2.5	2.13	3.23	3.24	3.26	3.17	2.67	2.87
Plcd1	3.56	3.76	3.31	3.17	3.97	3.92	4.04	3.13	3.37	2.88	4.04	4.11	4.06	3.13	3.24	3.43
Slc4a1	1.16	1.43	1.07	0.72	0.62	1.09	0.99	1.36	1.49	1.8	1.87	1.64	1.67	1.91	1.81	1.71
Gbx2	4.41	4.57	4.07	4.54	5.05	5.2	5.26	3.9	3.97	4.75	4.4	4.18	4.3	4.32	4.27	4.27
Pdcd4	0.97	1.26	0.94	0.63	1.22	1.16	1.48	2.07	1.81	1.88	1.42	1.53	1.12	1.84	1.63	1.91
Slc7a9	0.2	0.19	0.32	0.4	0.18	0.25	0.23	0.25	0.21	0.36	1.21	1.53	0.93	0.55	0.34	0.86
Msn	3.74	3.66	4.09	3.66	2.99	3.13	2.62	2.81	2.71	2.92	3.02	3.15	3.23	3.14	2.91	2.94
St6gal1	2.52	2.66	2.72	2.81	3.33	3.55	3.5	3.68	3.68	3.69	3.45	3.49	3.32	3.59	3.75	3.56
Trf	3.21	3.14	3.04	3.05	3.01	2.75	2.75	2.04	2.24	2.39	2.18	2.2	2.4	2.38	2.15	2.2
Cfp	4.58	4.53	4.87	4.61	5.11	5.16	5.28	4.7	4.63	4.58	3.99	4.02	3.85	4.25	4.56	4.45
Qrich2	1.71	1.75	1.29	1.04	0.75	0.82	1	0.38	0.6	0.67	0.46	1.14	0.8	1.01	0.52	0.57
Gng2	1.4	1.58	1.71	1	0.89	0.48	0.67	0.93	0.61	0.69	0.53	0.43	0.43	1.08	0.6	0.54
Abhd8	2.27	2.1	1.42	1.26	1.99	1.91	2.15	1.29	1.65	1.36	1.4	1.6	2.18	0.99	1.19	1.34
Thrap2	1.59	0.66	1.16	0.84	1.61	1.21	1.42	0.73	1.24	0.87	1.42	1.45	2.27	1.21	1.19	0.81
Iigp2	1.79	2.19	1.46	1.92	0.79	0.83	0.87	1.34	1.33	0.71	1.15	1.2	1.19	1.37	1.27	1.24
Prdm14	1.82	1.88	2.44	2.08	2.24	2.51	2.02	3.02	2.87	3.16	2.35	2.18	2.15	2.16	1.92	1.95
Hmha1	3.56	3.29	2.84	2.2	2.31	2.25	2.35	2.77	2.59	2.03	2.58	2.49	2.39	2.18	2.43	2.77
Slc6a9	3.24	2.81	3.42	3.8	3.73	3.72	3.44	4.15	4.19	4.1	3.75	3.59	3.67	4.13	4.22	4.28
Foxp1	1.24	0.82	1.03	1.29	1.87	1.71	1.73	1.8	1.51	2	1.91	1.66	1.99	1.79	2.4	2.04
Zfp750	0.7	1.66	1.02	1.07	1.07	1.16	1.39	0.98	0.79	1.41	2.23	1.69	1.78	1.5	1.11	0.98
Napa	2.77	2.92	3.19	3.63	3.46	3.82	3.56	3.78	3.38	3.74	3.24	2.95	3.22	4	4.03	4.03
Nradd	3	2.89	3.32	3.28	3.18	3.15	3.34	3.66	3.38	3.52	2.21	2.49	2.35	3.13	3.12	3.15
Mllt11	3.41	3.72	3.63	3.78	3.46	3.44	3.33	3.84	3.86	3.6	2.58	2.71	2.66	3.53	3.44	3.28
Zfp386	1.42	1.43	1.76	2.35	1.69	1.86	1.59	2.6	2.35	2.62	2.14	1.93	1.49	2.2	2.11	2.39
Sybl1	3.03	3	3.31	3.32	2.32	2.34	2.3	2.32	2.5	2.09	2.84	2.85	2.79	2.19	2.15	2.52
Cpt1b	2.86	2.82	3.05	3.37	2.64	2.71	2.58	3.45	3.2	2.98	2.22	2.13	2.05	2.73	2.94	2.94
Anxa5	3.69	3.79	3.65	3.38	3.17	3.12	3.19	3.31	3.32	2.93	3.03	2.98	2.95	2.53	2.46	2.49
Hpgd	1.38	1.54	0.76	0.68	0.61	0.84	0.95	1.28	1.18	0.77	1.69	1.8	1.56	1.15	0.76	0.59
Bag3	5.15	5.25	5.74	5.55	4.59	4.41	4.51	4.5	4.5	4.69	5.22	5.3	5.15	5.13	5.01	4.92
Frat2	2.27	2.26	2.37	2.5	2.93	3.15	3.22	3.7	3.43	3.16	2.87	2.95	3.11	2.92	2.94	2.79
Cad	3.95	3.19	3.41	3.14	3.72	3.41	3.36	2.78	3.04	2.6	3.38	3.8	4.05	3.05	3.24	3
Abce1	4.13	4.28	3.31	3.59	4.1	4	4.06	3.15	3.68	3.67	4.06	4.39	4.18	3.32	3.46	3.27
Slitrk5	1.08	0.69	1.25	1.21	2.09	2.12	2.2	1.3	1.45	1.63	1.52	1.64	1.7	1.74	1.67	1.87
Arl4c	1.9	1.74	1.59	1.95	2.61	2.19	2.26	2.89	2.87	2.83	2.63	2.17	2.65	2.51	2.28	2.49
Isl1	1.25	1.37	1.36	1.7	1.73	1.5	1.66	2.47	2.45	2.07	2.31	2.17	2.36	2.01	2.13	1.89
Mical3	3.07	3.23	2.99	3.25	3.14	2.94	3.19	2.27	2.35	2.86	2.61	2.72	2.53	2.4	2.17	2.04
EG245297	3.13	2.94	3.08	2.12	2.65	2.69	2.75	2.36	2.16	2.18	3.15	3	3.08	1.94	2.45	2.55
Trak1	4.65	4.73	4.47	3.78	4.05	4.41	4.44	3.74	3.96	3.59	3.96	4.2	3.93	3.63	3.62	3.44
Sephs1	1.1	0.34	1.02	1.47	1.34	1.26	1.14	1.15	1.66	1.51	0.39	0.39	0.97	1.27	1.17	0.75
AB112350	3.54	3.6	3.8	3.81	3.01	2.73	2.88	2.94	2.81	2.87	2.82	2.58	2.65	2.82	2.97	2.89
Arc	1.97	2.35	2.03	2.03	2.58	2.64	2.91	2.28	2.45	2.56	1.74	1.98	2.12	3.29	2.23	1.99
Chst3	1.16	0.94	1.83	1.72	2.18	2.17	2.23	2.13	2.13	2.28	1.58	1.53	1.34	1.67	1.64	1.83
Meis1	0.52	0.68	0.61	0.76	0.57	0.91	0.73	0.58	1.05	0.94	1.55	1.52	1.41	1.43	1.48	1.54
Rbm3	2.32	1.16	2.19	2.23	2.23	1.54	1.67	2.1	2.1	1.23	1.7	1.3	1.6	1.97	2.3	2.15
Dnmt3b	6.87	6.87	6.84	6.87	6.73	6.75	6.78	6.7	6.67	7.04	7.34	7.18	7.19	7.77	7.77	7.83
Prei4	0.33	0.56	0.52	0.95	0.39	0.74	0.89	1.5	0.87	1.47	1.03	0.7	0.54	1.46	1.14	1.46
Nptx2	4.51	4.44	4.68	4.64	3.61	4.01	4.02	4.17	4.17	3.8	3.62	3.8	3.68	3.52	3.64	3.55
Wnt6	0.9	0.74	1.11	0.93	1.92	1.67	1.82	1.21	1.63	1.69	1.05	0.8	0.67	1.11	1.1	1.36
Slc39a10	2.03	2	2.46	1.7	2.54	2.75	2.59	1.53	1.56	1.91	1.71	2.17	2.07	1.59	1.75	1.62
Aldh3a2	5.38	5.6	5.42	5.62	4.48	4.47	4.59	4.79	4.76	4.7	4.84	4.96	4.78	4.61	4.57	4.51
Zyx	4.68	4.63	4.71	4.75	4.89	4.47	4.46	5.66	5.7	5.25	4.89	4.74	4.73	5.51	5.24	4.99
Arid5b	1.44	1.45	2.3	2.14	2.09	1.81	1.63	2.61	2.95	2.06	2.32	2.14	1.97	2.35	2.13	1.81
St3gal4	1.97	1.88	1.83	1.17	1.48	1.98	2.07	1.58	1.52	1.36	1.33	1.38	1.13	1.04	0.7	1.04
Leng8	0.49	0.18	1.21	0.71	0.52	0.29	0.25	1.31	0.79	0.28	0.67	0.63	1.07	0.9	0.8	1.52
Hdhd1a	2	2	1.65	2.35	1.09	1.51	1.33	1.6	1.64	1.46	2.41	2.37	2.25	1.88	1.62	2.05
Enah	1.78	1.69	1.7	1.73	2.68	2.46	2.5	2.45	2.18	2.65	2.56	2.88	2.68	2.53	2.43	2.62
Cnn2	1.8	1.34	1.65	1.18	2.14	1.76	1.92	2.48	2.33	2.18	2.16	2.12	1.8	2.67	2.21	2.29
Kng2	2.16	2.4	1.97	1.91	1.48	1.51	1.55	1.48	1.45	1.37	1.66	1.78	1.73	1.12	0.93	1.01
Hoxd8	0.2	0.44	0.72	0.86	0.72	0.83	0.74	1.63	1.57	1.26	1.31	1.12	1.42	1.23	0.86	1.07
Blvrb	5.78	5.84	5.98	5.78	5.01	4.94	4.96	5.82	6.01	5.23	5.17	5.25	5.2	4.95	5.16	5.2
Rec8	3.42	3.62	3.11	2.83	3.29	3.27	3.36	2.56	2.56	2.61	3.63	3.62	3.78	2.92	3.12	3.05
Myh9	6.05	6.07	5.71	5.44	6.19	6.3	6.19	5.47	5.55	5.11	6.05	6.36	6.22	5.5	5.56	5.36
Prss8	3.71	3.58	3.47	3.15	2.99	2.73	2.81	3.32	3.51	3.08	2.76	2.71	2.82	2.59	2.51	2.53
Irx3	1	1.16	0.62	0.64	0.81	0.61	1.16	0.69	0.95	0.52	1.67	1.74	1.71	1.17	0.98	1.04
Lrig3	5.36	5.45	5.91	5.73	6.26	6.24	6.42	6.21	6.27	6.38	5.41	5.46	5.38	5.64	5.61	5.64
Arhgap30	1.82	1.88	1.99	2.28	1.04	1.25	1.31	1.13	1.45	1.22	1.2	1.18	1.08	1.12	1.01	1.02
EG638695	2.05	1.94	2.31	2.07	2.61	2.55	2.67	1.37	1.59	2.39	2.65	2.59	2.55	2.07	1.85	2.33
Tekt1	1.56	1.51	1.71	1.36	0.6	0.75	0.75	0.55	1.12	0.54	0.72	0.85	0.74	0.56	1.13	0.69
B4galnt2	2.25	2.24	2.33	2.69	2.2	2.08	2.18	3.22	2.89	2.79	3.17	2.96	3	3.01	3.02	2.8
Slc4a8	2.77	2.97	2.55	2.3	2.61	2.64	2.63	1.56	1.66	2.04	2.59	2.77	2.55	2.32	2.72	2.65
Grhl2	2.94	2.85	1.79	2.85	1.58	1.82	2.01	1.83	2.27	2.21	2	2.09	2.2	2.06	2.24	2.25
Dpysl3	3.29	2.86	3.49	3.2	4.14	4.07	4.02	3.91	4.11	4.03	3.18	3.36	3.39	3.69	3.64	3.53
Srf	3.18	3.75	3.67	3.74	3.88	4.18	4.29	4.4	4	4.42	3.79	3.72	3.89	4.66	4.49	4.39
Ephx1	4.15	3.89	4.28	3.84	3.84	3.68	3.84	3.06	2.97	3.48	3.19	3.19	3.16	3.38	3.39	3.5
Crabp2	1.33	1.63	0.82	1.02	0.53	0.58	0.97	0.63	0.74	1.15	0.71	0.77	1	1.33	1.46	1.85
Gfpt2	5.03	5.09	4.84	4.74	5.1	5.13	5.05	5.04	4.78	5.02	4.18	4.14	4.11	4.43	4.4	4.2
Clec2e	3.48	2.69	3.62	3.63	3.31	3.23	2.91	3.74	3.6	2.95	3.14	3.15	3.29	3.57	4.14	3.99
Ppap2b	2.9	2.82	2.79	2.39	2.8	2.54	2.99	3.04	3.03	2.53	3.83	3.28	3.31	2.65	2.56	2.28
Smc1b	2.53	2.48	2.08	2.34	1.25	1.52	1.4	1.52	2.01	1.91	2.17	2.3	2.21	2.25	2.25	1.99
Wnk2	0.92	1.45	0.74	0.56	0.71	0.79	0.96	0.75	1.5	0.71	1.46	1.31	1.68	1.08	1.4	0.38
Hist1h4k	2.57	3.05	1.62	2.33	3.07	2.66	2.71	2.43	2.47	2.65	3.13	2.75	3.2	2.37	2.85	2.9
Cphx	2.77	2.67	2.19	2.33	3.1	3.06	2.76	3.31	3.34	2.82	3.5	3.45	3.4	2.95	3.08	3.32
Sfrs3	4.13	4.29	4.5	5.04	4.7	4.97	4.78	5.03	5.22	5.22	4.44	4.29	4.33	5.28	5.06	5.12
Stac2	1.88	1.68	1.39	0.98	0.93	1.2	0.93	0.67	0.81	0.68	0.77	0.81	0.8	0.54	0.6	0.62
Zfp36	2.9	3.4	3.08	3.07	3	3.56	3.96	3.96	3.19	4.04	3.04	2.85	3.06	3.64	3.37	3.21
Gch1	2.63	2.66	2.28	2.25	2.23	1.75	2.14	2.47	2.68	2.08	3.16	3.1	3.03	2.43	2.2	2.4
Zadh2	2.77	2.81	2.91	2.93	3.2	3.17	3.17	3.47	3.46	3.22	2.23	2.18	2.44	2.62	2.76	2.77
Etv4	3.62	3.52	3.25	4.03	3.37	3.25	3.55	2.61	2.42	3.33	3.35	3.52	3.64	3.07	3.07	3.21
Rlbp1	0.54	0.59	0.88	1.42	1.58	1.38	1.67	0.72	1.13	0.69	1.4	1.57	1.7	1.25	1.26	1.26
Adam11	0.91	0.42	1.45	1.19	0.46	1.08	1.04	1.25	1.44	0.7	0.53	0.46	0.51	0.44	0.36	0.51
Htra1	3.2	3.18	4.54	3.96	4.3	4.13	4.37	3.9	3.64	4.31	3.88	3.62	3.6	3.84	3.75	3.82
Rnf12	1.23	1.34	1.05	1.39	0.6	0.76	0.92	1.57	0.96	1.5	1.37	1.14	1.21	2.01	1.98	1.52
Itpr1	5.45	5.12	5.15	5.04	4.78	4.86	4.8	4.34	4.67	4.05	4.68	4.8	4.92	4.18	4.31	4.32
Aldh3a1	2.76	2.85	2.37	2.32	2.48	2.36	2.49	2.27	2.57	2.54	3.16	3.25	3.2	2.06	2.04	2.17
Calml4	1.64	1.69	1.06	1.82	1.06	0.67	0.96	0.81	0.93	0.75	1.23	1.15	0.86	0.57	0.67	0.66
Ptprf	3.24	2.33	2.94	2.48	3.71	3.23	3.24	2.86	3.13	2.7	3.2	2.9	3.79	2.75	3.08	2.9
Prpf31	0.7	0.55	1.18	1.54	1.33	1.4	1.47	1.62	1.16	1.66	0.86	0.47	0.88	1.19	1.55	1.48
MGC41689	0.31	0.14	0.76	0.64	1.54	0.9	1.14	1.36	1.34	1.2	0.45	0.65	0.78	0.9	0.76	0.93
Plxdc1	3.35	3.8	3.33	3.22	2.87	2.97	3.19	3.02	3.36	2.89	2.4	2.38	2.45	2.83	2.78	3.11
Aspm	2.96	2.57	2.6	3	3.45	3.65	3.6	3.37	3.66	3.28	3.81	3.75	3.64	3.43	3.49	3.6
Ccdc113	0.96	1.6	0.97	1.1	1.4	1.24	1.17	0.77	0.94	0.73	1.9	1.64	2.03	0.91	1.11	1.18
Zfhx3	3.6	3.05	3.25	2.93	3.57	3.64	3.56	2.96	3.4	2.96	3.93	3.96	4.09	2.97	3.46	3.11
Gjb2	0.88	1.06	0.91	1.42	1.37	1.41	1.06	1.36	1.3	1.55	2.05	1.88	2.1	1.77	1.69	1.85
Tmem62	0.41	0.3	1.22	1.19	1.46	1.53	1.56	1.58	1.57	1.39	1.49	1.41	1.52	1.35	1.21	1.44
Tspan14	5.67	5.61	5.75	5.26	4.96	4.97	5.09	5.03	5.11	4.83	4.86	5.11	4.88	4.53	4.6	4.42
Tdrd12	4.16	4.17	4.02	4.36	3.39	3.28	3.33	4.02	4.19	3.93	4.21	4.35	4.36	4.29	4.38	4.44
Akp2	5.13	4.98	5.2	4.64	4.47	4.38	4.44	3.85	4.03	4.2	4.38	4.69	4.77	4.21	4.31	4.18
Bcas3	6.12	5.99	5.88	5.89	6.71	6.77	6.64	6.64	6.75	6.52	6.92	7.05	6.93	6.8	6.91	6.56
Stambpl1	1.39	1.5	1.36	1.3	0.68	0.44	0.8	0.97	0.8	0.67	0.83	0.44	0.3	0.66	0.3	0.77
Ddit4	4.85	4.66	5	5.15	4.95	4.76	4.85	5.17	5.14	4.99	5.88	5.66	5.96	5.32	5.39	5.41
Klk1b27	2	1.98	1.51	1.87	0.96	1.44	1.28	1.21	1.31	1.29	0.52	1.05	1.01	1.26	1.19	1.39
Zfp612	0.63	0.37	1.04	1.17	1.14	0.96	0.95	1.84	1.67	1.54	1.27	1.25	1.27	1.46	1.65	1.41
Ddc	4.01	4.27	4.39	4.2	3.82	3.84	3.84	3.65	3.78	3.9	3.41	3.6	3.06	3.13	3.32	3.57
Trp53rk	1.1	0.93	1.32	1.72	1.81	1.56	1.56	1.78	1.88	1.87	1.28	1.03	1.25	2.02	2.16	2
Pea15	2.15	2.44	2.79	2.15	2.1	2.33	2.03	1.47	1.44	2.06	1.52	1.68	1.64	1.67	1.75	1.74
Decr1	1.02	0.91	1.02	1.19	1.13	1.25	1.29	1.87	1.67	1.76	1.38	1.63	1.29	1.99	2.06	1.97
Etv1	2.29	2.32	2.69	3.08	2.5	2.71	2.41	1.91	1.52	2.42	2.23	2	1.83	2.63	2.49	2.25
Nudt10	1.2	1.05	1.18	1.17	1.92	1.73	1.79	1.89	2.02	2.18	1.91	1.86	2.07	2.27	1.87	1.88
Srebf2	4.9	4.57	4.35	4.13	4.51	4.33	4.16	3.87	3.9	3.6	4.38	4.36	4.89	3.84	3.86	3.88
Cyb5r1	5.61	5.58	5.53	5.51	5.27	5.35	5.39	5.39	4.95	5.19	4.8	4.73	4.92	4.64	4.57	4.53
Fam134a	3.01	3.26	2.86	3.21	2.88	2.73	2.6	2.67	2.86	2.92	3.64	3.68	3.56	3.55	3.52	3.57
Hist2h2ab	6.46	6.36	5.87	5.81	6.01	5.67	5.72	5.09	5.04	5.56	5.55	5.52	5.53	5.52	5.41	5.5
Rage	1.05	0.98	1.69	1.75	1.61	1.66	1.37	2.08	2.04	1.99	2.35	2.19	2.01	1.7	1.96	1.9
Chi3l1	1.63	1.22	1.72	1.18	0.86	0.72	0.69	0.68	0.69	0.96	1.07	1.29	0.79	0.39	0.67	0.51
Cct6b	1.51	1.54	1.07	1.13	2.09	1.78	1.64	1.39	1.51	1.86	2.14	1.79	1.96	2.29	2.22	2.2
Kctd19	1.19	1.53	0.5	1.03	0.5	0.33	0.18	0.45	0.58	0.24	0.74	0.73	0.41	1.06	1.04	0.91
Osta	1.27	1.34	1.98	1.86	1.76	1.82	2	0.86	0.9	1.42	1.96	2	1.95	1.42	1.58	1.38
Atg10	1.5	1.96	1.47	1.69	0.77	0.94	1.14	1.07	0.93	0.93	1.88	1.88	1.46	1.51	1.64	1.51
Commd9	2.21	2.15	2.42	2.59	1.87	2.12	2.1	2.34	2.45	2.94	1.84	1.75	1.96	2.81	2.68	2.87
Vps26a	2.51	2.94	2.85	2.93	2.26	2.51	2.39	2.98	2.81	3.17	2.23	2.02	1.97	2.93	2.85	3.04
Adap1	1.89	2.18	1.67	2.33	2.35	2.22	2.49	2.62	2.49	2.73	2.45	2.6	2.95	2.94	2.88	3.01
Mylpf	5.53	5.89	5.25	5.91	5.16	5.32	5.21	5.03	4.93	5.43	6.03	6.17	5.89	5.5	5.75	5.82
C2	4.55	4.4	4.28	3.58	4.33	4.24	4.37	4.22	4.32	3.58	4.42	4.28	4.39	3.6	3.55	3.53
Ppnr	1.53	1.14	1.26	1.51	2.04	1.72	1.86	1.39	1.87	1.05	2.17	1.67	2.34	1.7	2.19	1.51
Acrbp	3.41	3.84	3.74	3.17	2.83	2.88	3.14	2.97	2.99	3.18	2.58	2.54	2.76	2.97	2.95	2.57
AI449175	1.56	0.87	1.99	2.3	1.67	2.04	1.69	1.78	2.26	1.71	1.08	1.65	1.3	1.66	1.55	1.56
Rb1	2.77	2.64	2.78	2.66	3.35	3.41	3.27	2.53	2.53	2.92	3.47	3.72	3.5	3.23	3.11	3.02
Gp38	6.54	6.51	6.44	6.32	6.79	6.78	6.81	7.08	7.16	6.92	7.4	7.44	7.41	7.34	7.26	7.28
Cdyl2	3.24	3.01	3.4	3.08	3.01	2.8	2.76	2.34	2.37	2.43	3.34	3.13	3.34	2.61	2.61	2.35
Amn	2.45	2.39	3.58	2.95	2.69	2.25	2.64	2.08	2.11	2.49	2.71	2.2	2.27	2.59	2.89	2.7
Tdpoz5	0.98	0.67	1.54	1.16	0.81	0.35	0.21	0.95	0.95	0.61	0.49	0.34	0.3	0.41	0.31	0.36
Dnase2b	0.93	0.48	0.64	0.41	1.17	1.1	0.68	0.23	0.25	0.4	1.05	0.64	1.53	0.27	0.44	0.75
Rbpms	5.22	5.17	4.83	4.37	4.92	4.82	4.83	4.61	4.32	4.53	5.34	5.53	5.41	4.63	4.51	4.62
Nlrx1	4.29	4.45	4.18	4.02	3.97	3.83	4.1	3.52	3.43	3.55	3.44	3.57	3.47	3.31	3.33	3.35
Ube2s	2.59	2.82	2.15	1.91	2.84	2.39	2.06	2.53	2.44	2.6	3.05	2.85	3.42	2.53	2.54	2.35
Notch1	3.28	3.1	2.88	2.76	3.77	3.59	3.49	3.37	3.67	2.9	3.66	3.78	4	3.36	3.36	2.86
Gfod1	2.09	2.25	1.71	1.8	2.42	2.75	2.6	2.09	2.29	2.24	1.68	1.8	1.31	2.15	2.46	1.98
Tmem43	3.79	4.07	3.87	3.6	3.61	3.74	3.68	2.72	2.75	3.27	3.36	3.61	3.67	3.46	3.2	3.17
Hspa4	4.85	4.91	4.66	4.27	4.57	4.98	5.05	3.94	4.34	4.33	4.99	4.85	5.1	4.24	4.21	4.17
Ppm1k	2.86	3.11	2.92	2.58	2.73	2.72	2.68	2.65	2.63	2.31	3.57	3.4	3.54	2.58	2.75	2.45
Syncrip	2.32	2.21	2.72	2.8	3.03	3.12	3.06	3.41	3.18	3.39	2.75	2.71	3.01	3.56	3.07	3.3
Itga6	2.95	2.39	2.84	2.53	3.31	3.57	3.2	2.61	2.98	2.45	3.26	3.08	3.4	2.67	2.58	2.51
Ankrd24	1.35	2.14	1.15	1.15	0.99	1.55	1.04	1.7	1.56	1.33	1.57	1.91	1.28	1.83	1.84	2.18
Pla2g4f	1.96	1.96	2.12	1.65	1.55	1.65	1.58	1.67	1.74	0.84	2.31	2.42	2.21	1.69	2.01	1.83
Fam102a	5.88	5.9	6.23	6.05	6.1	6.05	6.14	6.32	6.48	5.91	5.3	5.46	5.36	5.59	5.49	5.38
Klhl13	1.29	1.9	1.46	0.98	0.97	1.04	0.64	0.53	1.03	0.65	1.2	1.39	1.4	1.02	1.07	0.51
Mep1b	1.61	1.95	2.36	1.57	2.03	1.97	2.06	1.31	1.49	1.14	1.43	1.73	1.39	1.21	1.09	1.35
Alox12b	1.65	1.71	2.46	1.71	0.96	1.24	1.36	1.21	1.42	1.03	1.17	1.37	1.18	0.92	1.37	1.34
Jarid1c	0.57	1.83	0.33	0.99	0.9	0.44	1.21	0.94	0.55	1.1	1.24	1.24	0.65	0.82	0.81	0.77
Pde1b	3.52	3.62	3.77	3.74	4.06	4.29	4.38	4.35	4.28	3.82	3.24	3.47	3.2	3.91	3.98	3.93
Sdc3	2.13	1.86	2.57	1.69	2.19	1.91	2.05	1.99	2.26	2.1	1.55	1.53	1.51	1.35	1.53	1.21
Fkbp10	0.66	1.06	1.52	1.44	1.77	2.04	1.98	1.72	1.41	1.86	1.42	1.24	1.39	1.71	2.01	1.8
Camk1	2.07	2.02	2.16	1.95	1.93	1.87	2.04	2.19	2.27	1.63	2.67	2.64	2.66	1.45	1.56	1.77
Srgn	0.69	0.9	0.98	0.5	0.92	1.26	0.9	1.23	1.25	1.33	0.28	0.65	0.4	0.26	0.36	0.45
Atp12a	2.26	2.34	2.33	2.79	1.83	1.8	1.88	2.09	2.07	2.35	1.81	1.73	1.83	2.73	2.63	2.73
Clpb	0.39	0.37	1.24	1.16	1	1.17	1.2	1.62	1.35	1.42	1.25	0.9	1.13	1.74	1.38	1.42
Gse1	3.07	2.43	2.96	2.65	3.55	3.53	3.53	2.75	3.27	2.85	3.43	3.43	3.55	3.03	2.93	2.68
Ubr7	4.44	4.41	4.58	4.2	4.08	4.18	4.09	4.17	3.8	3.99	3.42	3.44	3.58	3.51	3.72	3.65
Csnrp3	1.32	1.41	1.76	1.68	0.71	0.99	0.74	0.74	0.42	1.12	0.93	1.01	0.67	0.75	0.93	1.17
Car14	1.12	1.32	0.5	0.83	1.4	0.96	0.98	0.88	0.73	1.2	1.02	1.26	1.24	1.63	1.81	1.82
Aebp2	3.02	2.87	2.97	2.88	2.98	2.93	2.95	3.08	3.14	3.14	3.87	3.95	3.79	3.61	3.47	3.31
Sdcbp2	2.79	3.33	3.4	3.36	2.63	2.43	2.47	2.2	2.23	2.55	2.57	2.57	2.52	2.89	2.75	2.84
Sccpdh	5.08	5.13	5.3	5.03	4.07	4.28	4.15	4.39	4.37	4.23	4.63	4.68	4.6	4.45	4.41	4.57
Gpbp1l1	2.78	3.13	3.28	3.61	2.83	3.12	2.68	3.55	3.36	3.59	3.53	3.39	2.78	3.82	3.58	3.75
BC099439	3.11	3.4	2.55	3.37	2.54	2.74	2.6	2.05	2.26	2.36	2.8	2.74	2.96	2.72	2.94	2.99
H1f0	3.35	3.94	3.48	3.88	3.4	3.17	3.38	2.57	2.99	3.08	3.2	3.17	3.23	2.69	2.98	2.86
Asb13	3.89	4.06	4.42	4.43	4.47	4.61	4.48	4.77	4.85	4.51	5.1	5.08	4.96	5.04	4.98	5.05
Obfc2a	2.67	2.89	2.31	2.47	2.96	3.22	2.88	3.5	3.51	3.52	3.44	3.3	3.23	3.32	3.08	3.17
Igsf21	2.16	1.61	1.75	1.53	1.54	1.4	1.84	1.13	1.13	0.84	1.51	1.3	1.76	0.9	1.2	0.97
Nsbp1	3.99	4.02	3.43	3.7	3.78	4.02	3.97	3.59	4.02	3.86	4.56	4.85	4.53	4.32	3.95	3.96
Rragd	3.18	3.12	3.13	3.29	2.5	2.64	2.49	2.97	3.08	2.95	3.79	3.57	3.57	3.34	2.97	3.29
Fxyd4	1.27	1.27	1.4	1.6	0.94	1.23	1.26	1.07	1.14	1.2	0.67	0.91	0.94	0.46	0.3	0.46
Amotl2	1.19	1.36	1.78	1.91	2.26	2.14	2.12	2.36	2.33	1.85	1.78	1.7	2.15	2.5	2.39	2.03
Klk1b4	1.96	2.37	1.52	1.78	1.52	1.53	1.69	1.3	1.49	1.24	1.13	0.79	1.09	1.54	1.29	1.44
Aifm2	1.27	1.61	1.27	0.31	0.72	0.5	0.42	0.24	0.69	0.65	0.76	0.98	0.88	0.53	0.68	0.69
LOC677317	4.51	4.4	4.48	4.33	3.74	3.73	3.86	4.1	4.08	3.48	4.08	3.81	3.98	3.51	3.53	3.37
Syngr3	1.63	1.5	2.24	1.55	1.41	1.89	1.82	1.36	1.44	1.5	0.91	1.14	1.04	0.94	0.98	1.43
Helz	4.37	4.04	3.75	3.84	4.52	4.22	4.53	3.56	3.99	3.87	4.69	4.69	4.79	4.09	4.4	4.16
Scarb2	2.47	2.59	1.79	1.85	2.49	2.44	2.83	2.19	2.29	2.06	2.85	2.94	3.03	2.19	2.55	2.3
Ccnf	2.23	2.34	2.71	2.52	3.05	3.04	3.22	3.61	3.26	3.16	2.97	2.79	2.63	3.12	3.09	3.2
Phc1	0.7	0.5	0.76	1.06	1.14	0.9	0.89	0.82	0.47	0.76	0.99	1.66	1.14	1.33	1.46	1.67
Mlana	0.84	0.86	0.98	1.73	0.5	0.5	0.8	0.45	0.25	0.65	0.75	0.9	1.1	1.1	0.93	1.39
B3gnt7	2.07	2.1	2.53	2.81	2.02	2.31	1.85	2.89	2.6	2.84	2.37	2.38	2.35	2.78	2.81	3.13
Chrd	2.71	2.66	2.8	2.53	2.5	2.58	2.83	2.7	2.81	2.38	1.91	1.89	1.79	2.03	2.12	2.06
Tex11	1.11	1.54	1.1	2.09	1.32	0.94	1.03	1.11	1.12	1.07	1.84	1.78	1.8	1.65	1.82	1.44
Ripk3	2.75	3.07	3.13	3	2.57	2.78	2.77	2.45	1.77	2.12	2.43	2.63	2.59	2.3	2.14	2.41
Tnfrsf19	0.6	0.85	0.95	1.01	0.52	0.53	0.62	0.61	0.56	1.31	0.34	0.3	0.36	1.49	1.29	0.95
Lgsn	5.47	5.67	5.43	5.45	5.3	5.71	5.44	5.07	4.99	5.23	5.19	5.31	4.94	4.9	4.51	4.44
BC039093	3.75	3.64	3.71	4.03	4.16	4.15	3.96	4.4	4.43	4.16	4.67	4.88	4.62	4.57	4.45	4.45
Gys1	2.46	2.51	2.44	3.3	2.72	2.7	2.62	3.33	2.91	3.39	3.04	2.85	2.6	3.5	3.23	3.3
Letmd1	1.5	0.68	1.74	1.59	1.76	1.66	1.43	1.68	1.62	1.59	2.24	2.05	2.31	1.73	1.77	1.88
Sh3bp1	1.22	1.67	1.9	1.63	1.98	1.7	1.7	1.95	2.2	1.46	2.22	2.2	2.28	1.55	1.23	1.21
Necab2	1.83	2.12	1.87	1.36	1.18	1.19	1.05	0.99	1.02	0.72	1.6	1.61	1.32	1.31	1.28	1.31
Pcyt1b	4.08	3.82	4.35	4.64	4.67	4.92	4.82	4.37	4.1	4.82	4.09	4.09	4.07	4.94	4.76	4.59
Tnfrsf13c	1.23	0.64	1.67	0.98	0.46	0.5	0.83	0.43	0.56	0.29	0.44	0.53	0.33	0.44	0.45	0.66
Rap2ip	2.43	2.04	2.04	1.89	2.29	1.51	1.97	1.79	2.01	1.95	2.79	2.78	2.61	2.34	2.29	2.55
Pgls	5.78	5.9	5.17	4.94	5.93	5.69	5.68	5.23	5.4	5.28	5.81	5.91	5.85	4.99	5.15	5.06
Txn1	5.98	6.11	5.54	5.32	5.89	6.19	6.03	5.32	5.66	5.46	5.67	5.76	5.79	5.05	4.98	5.36
H2-Bl	1.95	1.22	1.9	2.42	1.75	1.73	1.29	2.14	2.21	2.45	2.25	2.19	2.14	2.18	2.08	2.38
Nr1d2	1.5	1.77	1.95	1.98	2.54	2.72	2.6	2.6	2.74	2.4	2.4	2.44	2.29	2.72	2.45	2.52
Phf19	1.64	1.27	1.42	1.16	1.78	1.9	2.06	1.57	1.58	1.81	1.8	1.97	2.47	2.02	2.29	2.24
Klhl26	4.41	4.58	4	4.01	4.4	4.26	4.39	3.83	3.93	3.84	4.86	4.91	4.82	4.01	4.08	4.05
Spire2	2.17	1.72	1.71	1.76	1.75	1.7	1.53	1.45	1.2	0.93	2.1	2.09	2.37	1.46	1.78	1.81
Adrb2	1.13	1.2	1.33	1.19	1.21	1.51	1.71	0.52	0.89	1.27	1.78	1.73	1.89	1.56	0.98	1.19
Gdpd3	1.94	1.91	2.04	2.62	1.24	1.57	1.63	1.87	1.95	1.69	1.19	1.34	1.48	1.4	1.53	1.91
Hsd17b1	2.73	2.59	2.64	2.71	3.1	2.93	3.19	2.8	2.93	3.23	3.36	3.36	3.43	3.67	3.52	3.66
Tmem46	0.47	0.48	0.38	1.18	1.23	1.35	1.11	0.7	0.6	0.6	0.25	0.19	0.32	0.54	0.46	0.65
BC018465	2.59	2.66	2.78	2.39	2.4	2.15	2.38	1.92	1.52	2.39	1.94	1.65	1.82	2.04	2.15	1.93
Dctd	5.48	5.54	5.39	5.38	5.03	5.16	4.95	4.43	4.38	4.7	5.49	5.4	5.4	5.17	5.24	5.15
Tdpoz2	1.56	1.63	2.04	1.85	1.38	1.02	1.39	1.61	1.28	0.99	1.25	1.41	1.15	0.72	0.98	0.85
Kcnu1	2.81	2.73	2.55	2.76	2.03	2.35	2.25	1.75	1.74	1.71	2.45	2.6	2.44	2.15	2.16	2.52
Ttc29	1.65	1.56	0.92	1.08	1.17	0.93	1.16	0.46	0.37	0.76	0.85	1.26	1.02	0.65	0.52	0.85
Prss35	2.2	2.6	3.09	3.35	3.29	3.34	3.26	3.35	3.28	3.64	2.78	2.79	2.71	3.16	3.18	3
Dicer1	4.1	3.44	3.16	3.39	4.05	3.67	3.62	3.29	3.3	3.1	3.89	3.82	4.21	3.38	3.45	3.08
Tuba3a	3.25	3.25	2.91	2.88	2.58	2.57	2.8	2.33	2.29	2.48	2.4	2.39	2.85	2.1	2.26	2.13
EG435970	0.96	1.04	1.21	1.58	1.83	1.94	1.68	2.11	2.29	2.01	1.57	1.6	1.63	1.84	1.7	1.8
Insm1	0.8	0.76	0.25	0.31	0.48	0.48	0.4	0.35	0.15	0.31	0.52	0.98	0.43	1.06	0.92	1.49
Snora65	6.34	5.81	6.53	6.66	5.94	6.09	5.82	6.77	6.41	5.97	5.89	5.84	5.87	6.43	6.59	6.76
Capn2	2.65	2.67	3.16	2.14	3.19	2.99	2.86	2.84	2.78	2.5	2.88	2.97	2.87	2.35	1.97	2.21
Ifi30	6.22	6.42	5.9	5.45	5.52	5.71	5.56	5.45	5.27	5.26	5.31	5.54	5.38	5.21	5.35	5.11
Flrt3	2.15	2.36	2.75	2.69	2.44	2.69	2.43	3.14	2.77	2.64	3.09	3.05	3.26	3.27	3.26	3.17
Bst2	5.13	4.58	4.49	4.12	4.34	4.53	4.36	4.26	4.44	3.91	4.61	5.07	4.88	4.22	3.91	4.76
Tceb1	2.29	2.01	2.85	2.68	2.84	2.76	3	3.24	3.06	2.99	2.63	2.64	2.77	3.33	3.26	3.27
Myd116	3.33	3.59	3.67	3.97	4.01	4.28	4.11	4.54	4.15	4.52	4.33	4.27	4.13	4.14	4.56	4.57
Uros	2.39	2.55	3.06	3.18	2.87	2.8	2.49	2.79	2.61	3.25	2.76	2.28	2.32	3.23	3.05	3.46
Pex2	3.27	3.32	3.76	3.95	3.73	3.67	3.67	4.49	4.53	3.97	3.62	3.52	3.6	4.04	3.98	4.15
Tlr2	1.14	1.14	2.05	1.31	1.41	1.6	1.84	0.73	1	1.38	1.07	1.07	1.01	1.09	0.74	1.03
Piwil2	4.03	3.97	3.52	4.02	3.63	3.64	3.65	3.42	3.4	3.58	4.17	4.31	4.43	4.21	4.36	4.31
Cd3e	2.26	2.52	2.07	2.43	2.38	2.24	2.22	1.62	1.75	2.01	2.49	2.48	2.43	1.49	1.68	1.64
Tfdp2	2.55	2.74	2.7	2.79	3.43	3.49	3.46	3.24	3.52	3.55	3.53	3.51	3.39	3.5	3.58	3.5
Eif2c2	3.1	2.55	2.4	2.38	3.04	2.87	2.94	2.36	2.46	2.35	3.08	2.76	3.23	2.33	2.08	2.27
Spin	1.22	1.52	1.87	1.74	1.17	1.74	1.63	2.24	1.95	2.06	1.68	1.45	1.22	2.34	2.13	1.81
Dst	2.26	1.52	2.28	2.28	2.77	1.91	2.18	2.27	2.74	1.7	2.53	2.12	2.75	1.94	2.09	2.08
Fgl1	1.22	1.02	0.56	1.21	0.46	1.07	0.72	0.43	0.69	0.89	1.33	1.29	1.14	1.37	1.59	1.4
Dido1	0.74	1.24	1.19	1.65	1.94	1.7	1.63	1.61	1.73	1.31	0.77	0.92	1.02	1.34	1.56	1.28
Tcf19	2.67	2.72	2.94	2.8	2.46	2.4	2.14	2.23	2.05	2.51	1.86	1.8	1.76	2.35	2.6	2.45
Aqp11	1.93	1.81	1.16	1.21	1.19	1.06	1.27	0.54	0.77	0.64	1.16	1.24	1.32	1.01	1.05	0.99
Rapsn	3.92	4.22	4.18	4.03	3.25	3.16	3.05	3.52	3.49	3.68	3.37	3.48	3.26	3.26	3.47	3.58
BC031853	3.47	3.06	3.06	3.33	3.06	2.96	2.96	2.84	2.86	2.71	3.08	3.03	3.29	2.38	2.25	2.26
Tes	1.75	2.24	2.1	1.96	1.17	1.08	1.12	1.25	1.49	1.46	1.76	1.99	1.95	1.63	1.61	1.58
Dyrk1b	2.07	2.11	2.02	2.3	2.96	2.96	2.94	2.66	3.04	2.93	2.93	2.99	2.73	2.82	2.87	2.84
Mppe1	1.66	1.68	2.06	1.98	1.97	1.78	2.17	2.55	2.27	2.33	2.47	2.55	2.41	2.74	2.57	2.74
AI118078	0.87	0.81	1.24	1.65	1.35	1.34	1.48	1.63	1.79	1.81	1.73	1.55	1.79	1.85	1.99	2.02
Camk2n1	4.7	4.42	4.66	4.07	4.28	4.61	4.39	4.78	4.92	4.02	4.18	4.22	4.35	3.64	3.91	3.89
Il10rb	1.06	1.19	1.39	1.05	0.41	0.55	0.32	0.87	0.85	0.82	0.28	0.49	0.33	0.31	0.41	0.45
Taf9b	1.37	1.55	1.64	2.03	1.28	1.3	0.78	1.6	1.33	1.52	1.47	1.56	1.57	2.22	2.01	2.02
E2f2	2.73	2.67	3.02	2.86	2.56	2.92	2.91	2.04	2.35	2.39	2.05	2.16	1.91	2.34	2.12	2.3
Axin2	2.65	2.35	2.11	2.2	1.6	1.55	1.63	1.75	2.04	1.28	1.51	1.7	1.57	1.64	1.92	1.75
Atp2a3	3.76	3.37	3.98	3.58	3.78	3.67	3.64	3.03	3.07	2.87	3.06	3.12	3.58	3.09	3.06	2.93
Tm7sf2	2.01	2.08	1.96	1.65	1.67	1.81	1.6	0.85	0.94	1.4	1.5	1.8	1.67	1.37	1.16	1.43
Dhcr24	3.95	4.16	3.74	3.81	4.09	4.43	4.27	3.22	3.35	3.6	4.06	4.16	3.88	3.44	3.53	3.51
Hebp1	4.2	4.2	4.25	4.35	3.97	4.04	4.03	4.64	4.9	4.26	3.74	3.76	3.72	3.68	3.63	3.88
Dph3	0.98	1.8	1.81	1.99	1.51	1.89	1.83	2.15	2.03	2.23	1.37	1.28	1.6	2.21	1.95	2.06
Tmem45b	0.35	0.18	0.35	0.71	1.3	1.1	1.09	0.57	0.62	0.47	1.18	0.94	1.09	0.46	0.45	0.4
Ccdc115	2.49	2.74	2.72	2.96	2.58	2.4	2.65	3.19	2.75	3.31	2.3	2.11	1.94	2.82	2.79	2.72
BC038156	5.15	4.75	5.7	5.02	5.64	5.37	5.29	5.33	5.51	5.27	6.06	5.88	5.99	5.52	5.3	5.15
Pcbd1	0.91	1.79	1.34	0.95	1.51	1	0.5	0.76	0.86	1.07	0.98	1.57	0.82	1.1	0.54	1.18
Tardbp	4.02	3.33	4.43	4.31	3.92	4.26	3.88	4.39	4.05	3.58	4.16	4.08	4.1	4.2	4.77	4.59
Eng	2.33	1.52	2.17	2.08	2.37	2.11	2.03	1.22	1.33	1.51	1.62	1.83	2.15	1.58	1.68	1.96
Col18a1	1.46	1.39	2.15	1.58	2.27	2.13	2.39	2.07	2.15	2.42	1.63	1.39	1.92	1.98	2.27	1.72
Dync1h1	4.77	3.86	4.19	4.44	4.85	4.43	4.49	3.98	4.47	3.88	4.41	4.59	5.15	4.1	4.52	4.15
Apaf1	5.01	4.84	4.73	4.54	5.08	4.95	5.07	4.24	4.41	4.23	5.06	5.13	5.4	4.51	4.45	4.48
Corin	0.2	0.22	0.22	0.43	0.51	0.35	0.54	0.94	1.41	0.85	0.37	0.19	0.34	0.92	0.97	0.62
Chmp1b	3.99	4.07	4.15	4.43	4.68	4.79	4.88	4.84	5.09	5.04	4.91	4.72	4.72	5.18	4.82	4.76
Slc37a4	1.2	1.52	1.15	0.88	0.93	1.24	1.4	0.46	0.66	0.46	0.96	0.42	0.87	0.78	0.74	0.37
S100a10	4.06	4.37	4.39	4.11	4.37	4.56	4.35	4.34	4.33	4.14	3.45	3.53	3.79	3.61	3.67	3.92
Csprs	1.49	2.3	1.76	2.18	1.11	1.46	1.2	1.06	1.62	1.31	1.69	1.48	1.24	1.21	1.28	1.47
Heph	0.83	1	1.47	1.69	0.78	0.64	0.71	0.92	1.05	0.77	0.62	0.37	0.48	0.85	0.51	0.48
Retsat	5.12	5.03	4.77	4.72	4.82	4.71	4.75	4.03	3.98	4.28	4.59	4.55	4.53	4.07	4.24	4.18
Bglap-rs1	1.18	1.04	1.28	1.31	0.52	0.82	0.29	0.27	0.26	0.45	0.47	0.75	0.81	0.55	0.78	1.03
BC031353	2.5	2.44	2.52	2.22	2.98	2.85	2.99	2.42	2.65	2.32	3.24	3.12	3.29	3.07	3.09	3.11
Efs	3.27	3.23	3.45	3.41	3.78	3.71	3.58	3.56	3.65	3.49	4.24	4.43	4.29	3.8	3.92	3.89
LOC672705	1.36	0.25	1.45	1.29	1.8	1.44	1	1.73	1.36	1.29	1.43	1.39	1.62	1.63	1.39	1.53
Psmf1	0.6	0.63	0.75	1.49	1.21	1.3	1.48	1.19	1.47	1.76	0.89	1.09	1.08	1.6	1.59	1.3
Slc39a11	4.81	4.86	4.97	4.61	4.1	4.08	4.08	4.1	4.02	3.94	4.3	4.41	4.48	3.95	3.97	3.97
Akr1b3	5.7	6.12	5.38	5.98	5.63	5.66	5.76	4.85	4.81	5.17	5.52	5.29	5.52	5.33	5.37	5.33
Lrrc40	2.64	2.64	3.15	2.93	2.44	2.6	2.67	2.14	2.08	2.23	1.95	2.04	1.97	2.71	2.5	2.58
Ankrd37	1.71	1.76	1.62	1.83	1.18	1.43	1.78	0.8	1.17	1.03	1.77	1.97	1.76	1.07	1.3	1.73
Ankrd40	3.14	3.13	2.33	2.26	2.78	2.5	2.53	2.13	2.3	2.65	2.97	3.2	3.07	2.46	2.62	2.99
Parp14	1.31	1.18	0.74	0.99	0.61	0.6	0.74	0.24	0.63	0.29	1.14	1.42	1.31	0.83	1.05	0.95
Grip1	0.55	0.7	0.42	0.83	0.89	0.9	0.94	0.89	1.29	1.19	1.36	1.68	1.55	1.37	1.18	1.24
Dhrsx	2.54	2.72	2.71	2.99	3.19	3.22	3.19	3.57	3.32	3.55	3.03	2.85	2.7	3.4	3.5	3.64
Arhgef3	4.59	4.84	4.77	4.84	4.22	4.25	4.38	3.9	4.13	4.19	3.82	3.97	3.73	4.56	4.49	4.39
Ebf1	1.65	1.75	1.87	1.7	0.87	1.01	1.24	1.31	1.37	1.3	0.89	1.23	0.54	1.13	1.35	1.17
Snapc3	2.11	1.26	2.1	2.61	2.19	2.16	2.04	2.41	2.18	1.72	2.5	2.22	2.41	2.23	2.11	2.8
Arhgap4	1.89	1.28	1.37	1.86	1.31	1.68	1.72	1.84	2.19	1.62	2.08	1.99	2.11	2.27	2.34	2.36
Sema4a	4.77	4.69	4.24	4.66	4.7	4.79	4.99	4.33	4.31	4.53	3.94	3.93	3.74	4.2	4.52	4.58
Asah3l	1.79	1.91	1.76	1.97	1.08	1.15	0.91	0.87	0.97	1.35	1.33	1.4	1.33	1.17	1.5	1.65
Sparc	6.36	6.39	6.83	6.18	6.73	6.53	6.4	5.76	5.69	6.27	6.19	6.29	6.39	5.83	5.77	5.8
EG630579	1.42	1.4	1.88	2.31	1.95	2.46	2.15	1.86	1.85	2.04	2.19	2	1.41	2.26	2.09	2.57
Gcnt1	1.62	1.67	1.96	1.86	1.76	1.85	1.47	1.81	2.19	1.88	2.36	2.81	2.47	2.23	2.24	2.2
Scara5	1.47	1.24	1.32	1.84	1.04	1.64	1.25	1.02	1.28	1.6	1.9	1.97	2.12	1.92	1.7	1.93
Nckap1l	1.34	1.39	2.01	2.13	1.83	1.63	1.53	0.78	1.18	2.15	1.63	1.83	1.61	1.58	1.39	1.59
Gpr177	3.23	3.31	3.64	3.4	4.14	4.36	4.38	3.91	3.96	4.01	3.88	3.88	3.92	3.63	3.34	3.76
Lck	3.71	4.18	3.63	4	3.6	3.6	3.75	3.49	3.55	4.23	4.32	4.44	4.32	4.23	4.3	4.42
AA409316	1.56	1.55	1.87	1.8	2.48	2.17	2.34	2.62	2.32	2.25	2.16	2.25	2.53	2.51	2.66	2.44
Trip6	2.73	2.6	3.12	2.64	3.16	3.2	3.07	3.79	3.44	3.6	3.24	3.02	3.07	3.42	3.69	3.4
Chac1	6.43	6.7	7.01	7.62	6.92	7.05	6.87	7.4	7.09	7.71	7.18	7.12	6.98	7.27	7.54	7.58
Tia1	1.62	0.59	1.78	1.9	1.39	1.47	1.61	1.38	1.17	0.96	1.49	1.71	1.49	1.34	1.81	1.93
Ccdc93	0.77	1.01	1.33	1.58	0.41	1.14	0.78	1.4	1.21	1.6	1.57	1.64	1.39	1.33	1.41	1.51
Lad1	0.73	0.95	1.23	0.62	1.14	1.18	1.14	1.88	1.9	1.23	1.13	1.18	1.27	0.89	0.86	0.85
Zxda	4.65	3.9	4.34	4.29	5.09	4.26	4.21	4.23	4.47	3.76	4.72	4.48	4.88	4.26	4.77	4.69
Arhgef4	3.15	2.95	2.88	2.6	2.51	2.44	2.43	1.98	2.34	1.86	2.82	2.89	2.92	2.37	2.49	2.56
Dos	3.35	3.44	3.31	3.65	3.79	3.93	3.92	4.45	4.43	4.04	3.62	3.55	3.6	4.07	4.03	4.13
Ppic	4.72	4.83	5.04	4.86	4.52	4.53	4.62	4.76	4.77	4.75	3.88	3.9	4.06	4.51	4.14	4.56
Lpar2	1.67	1.79	1.54	1.12	1.16	1.69	1.45	0.92	0.65	0.65	0.92	1.2	1.22	1.15	0.93	1.36
Cbs	1.32	1.09	1.26	1.36	1.76	1.71	1.46	0.81	0.56	1.48	1.68	1.77	1.65	0.98	1.22	1.27
Ogdh	3.47	3.29	2.9	2.59	2.88	2.65	2.75	2.58	2.25	2.21	2.78	3.1	3.28	2.66	2.67	2.66
Hap1	1.89	1.73	2.56	2.35	2.09	2.06	2.14	3.02	2.46	2.08	1.93	1.51	1.98	2.3	2.28	2.12
Fndc4	0.83	1.1	0.41	0.06	1.01	0.77	1.05	0.32	0.28	0.4	1.23	0.63	0.85	0.36	0.52	0.3
Cfl1	3.01	3.25	3.72	3.64	3.39	3.82	3.85	3.87	3.5	3.67	3.51	3.42	3.22	4.01	4.11	4.33
Lmo4	4.81	4.95	5.03	5.18	5.87	5.72	5.85	5.74	5.64	5.93	5.57	5.47	5.68	5.71	5.81	5.51
Gnal1	3.14	3.34	3.94	3.73	3.95	4.08	4.14	4.27	4.28	4.28	3.74	3.69	3.77	4.22	4.27	4.21
Man2a1	3.88	3.49	3.4	3.21	3.53	3.47	3.39	2.93	3.53	3.07	3.95	3.89	4.12	3.06	3.25	3.18
Etsrp71	1.41	1.36	1.84	1.45	1.71	1.7	1.76	1.62	1.65	1.81	2.32	2.29	2.4	2.13	2.14	2.32
Pfkp	6.07	6.21	6.33	6.12	5.66	5.6	5.6	5.51	5.33	5.48	5.46	5.56	5.16	5.45	5.45	5.28
Foxe1	0.32	0.31	0.87	0.92	0.78	0.44	0.44	0.74	0.39	0.71	1.24	1.15	1.2	1.25	1.15	1.12
Pla2g1b	6.17	6.14	6.53	6.28	6.24	6.2	6.33	6.36	6.38	6.39	5.72	5.84	5.76	6.8	6.81	6.89
Xpo4	2.48	2.47	1.89	1.81	1.96	2.06	2.07	1.2	1.53	1.41	1.84	2.09	2.09	1.83	1.58	1.66
Unc5b	3.32	3.4	2.9	2.87	3.03	3.16	3.25	2.31	2.47	2.59	3.43	3.22	3.26	2.86	2.56	2.85
Guca1a	1.95	1.96	1.76	1.66	2.04	2.11	2.16	1.17	1.49	1.48	1.98	2.11	2.05	1.38	1.52	1.11
Ap3b2	1.02	0.78	1.22	1.01	0.75	0.84	0.38	1.34	1.46	0.48	0.56	0.48	0.7	0.49	0.59	0.31
Slc29a3	3.27	3.41	3.52	3.47	3.52	3.74	3.69	2.86	2.75	3.22	3.16	3.06	2.66	2.78	2.9	2.94
Snapc5	0.43	1.75	0.68	1.37	0.96	1.16	0.81	1.65	1.01	0.82	1.03	1.31	1.21	1.41	1.15	1.34
Eomes	1.45	0.65	1.6	1.02	0.99	0.89	1.07	1.4	1.53	1.26	0.67	0.5	0.99	0.87	1.06	0.51
Pes1	3.54	4.06	3.69	4.46	4.36	4.44	4.46	4.11	4.21	4.84	3.99	3.94	3.94	4.52	4.56	4.45
Glod5	0.77	0.93	0.32	0.99	0.44	0.97	0.47	0.37	0.81	1.12	0.86	0.4	0.51	0.44	1.48	1.21
Reg2	0.81	0.49	0.46	0.94	1.34	1.47	1.45	0.44	0.61	1.31	0.8	0.75	0.74	1.02	0.64	0.73
Smurf1	2.25	1.8	1.9	1.86	1.83	1.64	1.49	1.05	1.17	1.46	1.99	1.83	2.37	1.66	1.65	1.46
Trim36	0.48	0.77	0.46	0.52	1.15	1.01	1.15	1.26	1.32	0.99	0.53	0.31	0.74	0.44	0.31	0.55
Tmem106a	1.09	0.52	1.15	0.65	1.48	1.56	1.33	0.81	0.38	1.45	1.22	1.08	0.72	0.97	0.92	1.16
Iqcc	1.41	0.66	0.95	0.74	1.36	1.36	1.21	1.57	0.76	1.46	1.54	1.62	1.44	1.14	1.16	0.57
Nr5a2	1.66	1.64	1.27	0.57	1.19	1.58	1.68	1.37	1.77	1.76	1.66	1.91	2.02	1.53	1.6	1.21
Cryab	0.95	0.54	0.96	0.72	0.94	1.2	1.27	0.34	0.82	1.25	1.4	1.42	1.55	1.21	0.98	0.58
Magi3	1.97	2.23	1.47	1.36	1.33	1.26	1.23	0.95	1.07	0.97	1.43	1.5	1.48	1.15	1.14	1.05
Nme4	3.73	3.61	3.37	3.19	3.95	3.82	3.77	2.69	2.88	3.33	3.5	3.64	3.66	3.18	3.23	3.32
Arhgdib	0.63	0.35	0.92	0.99	1.2	1.23	1.48	0.4	0.52	0.9	1.3	1.05	0.83	1.16	1.29	1.3
Gtf2h1	1.41	1.74	1.99	1.94	1.46	1.81	1.4	2.61	1.8	2.09	1.81	2.04	1.73	2.41	1.86	2.35
Macrod1	1.57	1.05	1.23	1.18	1.08	0.74	0.63	1.77	1.95	0.93	1.24	1.12	1.52	1.31	1.34	1.13
Ccdc28a	0.53	0.67	0.64	0.87	0.85	0.94	0.78	1.57	1.33	1.37	1.32	1.33	1.18	1.54	1.47	1.31
Arhgap8	3.67	3.54	4.1	3.32	3.84	3.57	3.52	4.15	4.09	3.89	3.01	3.05	3.39	3.37	3.49	3.53
Cyb5r2	2.04	2.13	1.79	2.44	1.55	1.59	1.37	1.67	1.68	1.93	2.16	2.16	2.06	2.18	2.41	2.55
Lig1	1.98	2.52	1.61	1.7	2.32	1.95	1.95	1.38	1.6	1.37	1.69	2.08	2.07	1.58	1.46	1.41
Slc27a2	2.24	2.09	1.49	2.21	1.79	2.32	1.8	1.63	1.85	2.47	1.51	1.49	1.45	2.35	1.92	2.14
Liph	4.7	4.71	4.29	4.35	3.52	3.8	3.67	3.93	3.91	4.01	4.11	4.16	4.29	4.51	4.42	4.29
Jun	0.32	0.56	0.53	0.54	1.07	1.29	1.11	1	0.38	1.44	1.07	0.66	1.3	1.04	0.78	0.93
Sec14l4	0.97	0.68	1.04	0.81	1	0.97	0.96	1.84	1.39	1.39	1.25	1	1	1.61	1.83	1.28
Serpinb1a	0.24	0.47	0.19	0.64	0.37	0.39	0.46	1.46	1.32	0.68	0.51	0.45	0.49	0.52	0.38	0.52
Rhou	2.63	2.57	2.44	2	2.57	2.33	2.7	2.32	2.26	2.13	3.09	3.15	2.89	1.98	2.5	2.39
Tnpo2	1.95	1.56	2.18	1.35	1.86	1.83	1.86	1.18	1.34	1.54	2.17	2.23	2.29	1.69	2.07	2
Itga3	2.62	2.86	2.64	2.64	3	3	2.97	2.32	2.67	2.55	3.19	3.81	3.23	2.86	2.82	2.82
EG333669	1.44	2.05	1.6	1.8	0.98	1.38	1.22	1.84	1.43	1.61	1.26	0.95	0.84	1.17	1.18	1.11
Prmt8	1.06	1.54	1.52	1.4	1.81	1.76	1.57	1.5	1.12	1.58	0.64	1.3	0.84	1.18	0.87	1.06
Ldhc	0.97	1.32	1.09	1.11	0.18	0.36	0.32	0.29	0.33	0.38	0.62	0.87	0.49	0.51	0.56	0.66
Lamb1-1	0.76	0.48	1.06	1	1.37	1.39	1.5	0.52	0.81	1.05	0.55	0.76	1.26	0.86	0.68	0.43
Prf1	4.79	4.19	4.95	4.94	5.04	4.37	4.33	4.8	5.08	4.88	4.9	4.65	5.28	4.63	5.39	5.24
Dnajb4	0.77	0.16	1.11	1.1	0.57	0.55	0.64	0.99	0.78	0.47	1.2	0.7	1.17	1.04	1.29	1.4
C1qtnf4	0.71	1	1.04	0.79	1.12	0.89	1.43	1.03	1.29	1.47	1.69	1.99	1.41	1.13	1.08	1.53
Nxt2	4.96	5.03	5.17	5.31	4.42	4.51	4.57	5.11	5.06	4.92	5.31	5.41	5.25	5.51	5.31	5.54
Jund1	1.32	1.38	1.09	0.62	1.71	1.39	1.59	1.52	1.55	1.38	1.92	1.67	2.19	1.4	1.53	1.41
Slc2a1	6.08	6.18	6.46	6.09	6.86	7.01	7.29	6.14	6.52	6.49	6.56	6.58	6.48	6.31	6.31	6.18
Slc38a5	0.47	0.77	0.92	1.13	0.78	0.67	1.07	0.49	0.34	0.56	0.18	0.08	0.13	0.18	0.23	0.24
Hsd17b11	3.89	3.85	3.35	3.53	3.98	3.88	3.78	2.95	3	3.63	3.41	3.21	3.31	3.31	3.04	3.19
Fkbp11	5.25	5.31	5.14	5.09	4.66	4.5	4.65	4.7	4.97	4.62	4.25	4.38	4.41	4.61	4.82	5.28
Xrn1	1.77	0.36	1.03	1.18	1.54	1.2	1.4	0.93	1.41	1.04	1.25	1.56	1.74	1.11	1.21	1.17
Ndufb10	3.7	4.01	2.92	2.82	3.68	3.45	3.58	3.18	3.52	3.04	3.57	3.38	3.56	3.13	2.95	3.02
Gnat1	0.26	0.53	0.2	0.44	0.43	0.6	0.51	0.27	0.27	1.38	0.22	0.29	0.31	0.94	0.84	1.01
Trp53bp1	2.21	1.3	1.91	1.72	1.64	1.84	1.72	2.05	2.05	1.49	2.05	2.56	2.57	1.82	1.78	2.09
Acss1	6.77	6.94	6.61	6.38	6.03	6.25	6.33	5.91	5.96	5.91	5.89	5.88	5.78	6.11	6.04	6.12
Gzmm	2.11	2.02	3.08	2.4	2.4	2.45	2.53	2.82	3.06	2.35	2.01	2.07	2.28	2.71	2.7	2.66
Ahsg	0.89	1.12	0.9	1.19	1.1	1.07	1.15	1.52	1.04	1.42	1.92	1.68	1.82	1.55	1.85	1.44
Fntb	7.88	7.83	8.25	8.32	8.28	8.26	8.25	8.65	8.64	8.67	8.25	8.15	8.14	8.89	9	8.76
Aplp1	2.52	2.65	2.35	2.17	2.13	2.12	2.02	2.1	2.2	1.89	1.53	1.73	1.69	1.51	1.78	1.63
Acpp	0.23	0.36	0.52	0.47	0.28	0.56	0.31	0.47	1.04	0.33	1.23	1.33	0.97	0.6	0.66	0.58
Dusp1	6.4	6.68	6.36	6.56	6.11	6.62	6.88	7.07	6.56	7.23	6.29	5.97	6.06	6.53	6.54	6.54
Edg2	3.01	3.12	3.31	3	2.52	2.85	2.59	2.35	2.47	2.74	2.35	2.29	2.33	2.38	2.34	2.23
Nat1	0.43	0.87	0.45	0.49	0.44	0.72	0.85	0.54	0.76	0.52	1.43	1.32	1.31	0.55	0.95	0.45
Phf7	1.66	1.69	1.52	1.87	1.8	1.89	1.87	1.51	1.37	1.47	2.45	2.48	2.25	2.06	2.19	1.99
Rpl14	1.42	1.63	1.31	0.85	1.58	1.51	1.45	1.03	0.76	1.12	0.85	0.86	0.72	0.8	0.88	0.64
Bahcc1	4.13	3.6	3.69	3.82	4.47	4.49	4.45	3.89	4.13	3.5	3.87	4.03	4.24	3.47	3.85	3.61
Dleu7	0.34	0.49	0.84	1.03	1.08	0.79	0.95	1.45	1.53	1.2	0.87	0.65	1.1	0.6	0.63	0.52
Csad	2.47	2.3	2.16	1.95	1.91	1.95	2.01	1.92	2.01	1.68	2.39	2.75	2.58	1.81	1.67	1.59
Cks2	0.68	0.67	1.18	1.29	0.62	0.9	0.78	1.49	1.59	1.26	0.88	0.94	0.72	1.36	1.14	1.62
Gtl3	3.77	3.87	2.95	3.02	3.56	3.54	3.57	3.01	2.97	3.09	3.74	3.39	3.78	3.2	2.94	3.16
Nnmt	0.36	0.34	1.39	1.18	0.62	0.38	0.48	0.88	0.49	0.63	0.17	0.32	0.38	0.36	0.88	0.36
Hist1h2ag	6.75	6.58	6.23	6.11	6.36	5.93	6.18	5.66	5.53	5.87	5.7	5.63	5.92	6	5.85	5.99
Csrp2	7.7	7.67	7.68	7.46	8.2	8.17	8.29	7.85	7.92	7.98	7.41	7.4	7.4	7.31	7.36	7.28
Rab25	1.36	1.3	1.3	1.23	0.53	0.98	0.74	1.27	1.01	1	1.09	1.42	1.35	1.46	1.79	1.84
Evc	3.12	2.98	3.18	3.21	3.35	3.22	3.14	3.04	3.16	3.24	2.15	2.53	2.62	3.27	3.41	3.29
Ccdc155	2.51	2.43	2.27	2.42	2.03	2.28	2.15	2.74	2.66	2.48	2.94	2.97	2.86	2.88	3.14	3.04
Ier5l	3.5	3.69	2.98	3.04	3.74	3.37	3.7	3.35	3.49	3.46	3.9	3.82	3.9	3.16	3.06	2.87
Pdlim2	1.81	1.78	1.88	2.51	1.89	1.83	2.05	2.33	2.2	2.1	1.44	1.31	1.58	1.41	1.68	1.58
Crip2	4.44	4.69	4.98	4.31	5.25	5.04	5.18	4.51	4.61	5.03	5.31	5.4	5.36	4.94	4.86	5.07
Ky	1.52	1.53	1.68	1.7	2.13	2.32	2.22	1.25	1.28	1.54	1.92	1.98	1.81	2.04	2.2	2.11
Sall1	2.7	2.62	2.26	2.2	2.91	2.99	2.9	2.43	2.45	2.55	2.47	2.47	2.65	2.17	1.84	1.88
Hist1h2bn	4.18	4.46	3.44	3.79	4.3	4.28	4.25	3.64	3.38	3.86	4.38	4.18	4.37	3.83	3.9	4.05
Sqle	4.9	5.06	4.79	4.62	4.64	4.68	4.66	4.06	3.91	4.47	4.72	4.76	4.6	4.29	4.02	4.14
Gpr85	0.97	0.83	0.88	1.07	0.95	0.87	0.88	1.22	1.23	1.16	1.68	1.56	1.76	1.42	1.57	1.74
Gngt2	2.23	2.27	1.7	2.01	1.86	2.01	2.06	1.4	1.66	1.72	1.36	1.51	1.16	1.63	1.88	2.28
Ncaph2	4.05	4.11	4.58	4.41	4.87	4.93	5.17	5.15	5.07	4.96	4.93	4.9	4.79	4.98	4.8	4.99
Gm867	1.24	1.05	0.85	1.57	1.12	0.81	0.58	1.47	1.17	1.13	0.65	0.61	0.37	0.75	1.28	0.89
Pttg1	1.87	1.49	1.34	1.47	1.14	1.79	1.45	1.39	1.01	1.3	1.24	1.16	1.26	0.98	0.44	1.01
Prkab2	0.73	0.72	0.95	1.07	1.29	0.9	0.69	1.44	1.64	1.4	1.27	1.25	1.5	1.71	1.6	1.33
Dnmt3l	8.36	8.37	8.76	8.9	9.15	9.22	9.29	9.15	9.06	9.24	8.89	8.79	8.82	9.45	9.45	9.32
Acss2	2.83	2.92	2.96	2.45	1.94	2.15	2.23	2.1	2.13	2.13	2.73	2.92	2.57	2.43	2.56	2.28
Bcat1	7.56	7.36	7.73	7.68	6.87	6.89	6.84	6.87	6.75	6.89	6.69	6.93	6.86	6.87	6.91	6.96
Tpi1	6.41	6.64	6.54	6.19	6.49	6.53	6.74	5.74	5.86	6.16	6.1	6.2	6.07	5.69	5.9	5.8
Sema5b	1.38	1.21	1.22	1.16	1.55	1.38	1.55	0.69	0.68	1.06	1.3	1.38	1.3	0.63	0.79	0.56
Zfp101	2.37	2.35	2.47	3.01	2.9	2.97	2.7	3.29	2.91	3.13	2.63	2.45	2.79	3.22	3.14	3.4
Cyp27a1	0.46	1.18	1.09	0.66	0.99	0.61	0.51	0.9	0.73	0.66	1.05	1.02	1.81	0.65	0.61	0.75
EG432879	1.36	1.48	1.23	2.19	2.13	1.81	2.17	1.63	1.85	2.08	2.29	2.29	2.03	2.03	2.17	2.14
Rpusd1	0.69	1.08	1.4	1.39	1.81	1.5	1.42	1.52	2.09	1.92	1.19	1.13	1.48	1.45	1.64	1.46
Rhbdl2	5.28	4.56	4.92	5.23	5.56	5.04	4.76	5.01	5.55	4.96	5.25	4.95	5.55	4.8	5.5	5.67
Tceal5	1.27	1.11	1.81	1.78	2.08	1.63	2.09	1.98	1.96	1.99	2.15	1.9	2.07	2.39	2.3	1.93
Mybpc2	0.43	0.92	0.89	0.74	1.04	1.45	1.38	1.11	0.93	1.21	0.41	0.54	0.28	0.81	0.94	0.87
Rxrb	1.73	1.28	2.24	2.12	1.68	2.07	1.8	2.44	2.26	2.18	1.98	1.85	1.76	2.51	2.32	2.41
Was	2.1	2.2	1.91	2.26	1.42	1.61	1.73	1.96	2.23	1.77	1.77	1.85	1.6	1.2	1.34	1.33
Rbm47	1.23	1.21	1.65	0.81	1.56	1.33	1.11	1.13	1.34	1.46	2.05	1.85	1.94	1.77	1.35	1.52
Eva1	1.72	2.19	1.76	1.77	1.32	1.78	1.87	1.53	1.38	1.54	1.3	1.31	1.05	1.32	1.08	0.98
Plekha5	1.06	0.74	0.6	1.15	1.3	1.17	1.55	1.16	1.51	0.63	1.37	1.2	1.68	0.96	1.59	1.46
Slc28a1	3.87	3.94	3.46	3.91	4.38	4.44	4.6	4.11	3.8	4.27	4.48	4.7	4.33	4.51	4.28	4.29
Hoxd9	0.79	0.35	0.92	0.49	0.82	0.93	0.66	1	0.88	0.68	1.05	1.32	1.64	0.41	0.69	0.52
Tulp4	3.24	2.89	2.72	2.91	3.1	3.17	2.99	3.02	3.17	3.16	3.69	3.37	3.9	3.67	3.63	3.45
Zfp704	0.7	0.42	0.97	1.25	0.41	0.96	0.73	0.4	0.56	0.81	1.33	1.24	1.42	0.95	0.6	0.95
Optn	2.92	2.86	2.64	2.71	2.04	2.04	2.3	2.14	2.17	2.16	2.18	2.09	2.14	1.85	1.89	2.04
Pabpc1	4.41	4.22	4.41	4.13	3.42	3.7	3.76	3.53	3.34	4.11	4.28	4.16	3.84	4.09	3.87	4.01
BC030476	6.11	5.53	6.11	6.01	6.48	5.79	5.67	6.09	6.33	6.01	6.22	5.99	6.58	5.69	6.57	6.56
Setd5	4.83	3.91	4.49	4.4	5.06	4.59	4.68	4.66	4.16	4.24	4.68	4.59	5.28	4.44	4.59	4.31
Slc31a2	2.14	2.32	2.03	2.18	2.22	2.32	2.27	2.18	2.32	2.19	2.06	1.48	1.7	1.6	1.61	1.33
Ndrg3	2.07	1.77	1.79	1.11	1.53	1.57	1.16	0.97	1.24	1	1.44	1.65	1.24	1.02	1.12	1.1
Atm	2.55	1.95	2.17	1.97	2.59	2.47	2.46	1.62	1.97	1.66	2.23	2.35	2.73	1.98	2.18	1.85
Pcna	4.24	4.41	4.57	4.67	3.98	4.33	4.22	3.84	3.77	4.34	3.55	4.09	3.57	4.21	3.97	3.81
Ganc	1.53	1.22	1.4	1.85	1.52	1.53	1.74	1.9	2.04	1.8	2.21	2.36	1.87	2.12	2.19	2.21
Sorbs1	0.46	0.16	0.55	0.16	0.23	0.37	0.41	0.23	0.31	0.23	1.2	1.13	0.76	0.81	0.51	0.84
Adprhl1	1.83	1.92	1.33	1.63	2.09	1.41	1.54	1.67	1.51	1.32	1.05	0.94	1.46	1.25	1.61	0.91
Tm4sf5	1.42	1.95	1.11	1.06	0.97	1.31	1.1	0.8	0.61	0.91	1.02	0.94	0.63	0.96	0.91	1.45
B3galnt1	1.9	1.53	2	2.35	2.51	2.54	2.65	2.28	2.17	2.38	1.89	1.63	2.25	2.08	2.19	1.69
Gstt3	4.18	4.51	3.7	3.67	4.02	4.07	4.1	3.92	3.82	3.63	4.37	4.49	4.42	3.75	3.6	3.54
Ush2a	3.64	4.29	3.36	3.23	3.86	3.92	4.09	3.38	3.25	3.4	3.81	3.77	3.65	3.19	3.48	3.26
Ifngr2	3.7	3.1	3.63	3.73	4.03	3.19	3.22	3.54	3.74	3.5	3.46	3.54	3.83	2.91	3.83	4.12
Apobec3	2.91	2.93	2.88	2.76	2.56	2.56	2.48	2.85	2.69	2.57	1.95	2.13	1.92	2.19	2.27	2.44
Adfp	2.97	3.46	3.31	3.14	3.09	2.96	3.14	3.46	3.91	3.25	3.09	3.21	3.1	2.84	2.4	2.8
Mrpl15	1.53	1.72	1.82	1.82	2.13	1.9	2.2	2.26	2.28	2.42	1.2	1.52	1.5	1.91	1.77	1.88
Grpel2	2.34	1.99	2.57	2.87	2.05	2.25	2.25	2.65	2.75	2.14	1.82	1.82	1.92	2.47	2.48	2.59
Itgb3bp	3.61	3.74	3.66	4.15	3.41	3.26	3.33	4.2	3.9	3.93	3.68	3.46	3.61	4.02	3.97	4.43
Mcam	2.82	3.55	3.14	2.94	3.58	3.55	3.4	2.73	2.52	2.77	2.91	2.88	3.12	2.97	3.42	3.31
Nope	2.51	2.51	2.92	2.56	3.11	2.99	2.91	2.18	2.39	2.14	3.2	3.11	2.93	2.53	2.71	2.49
Ndp52	3.88	3.99	4.51	4.13	4.76	4.71	4.73	4.65	4.76	4.76	4.87	4.82	4.92	4.48	4.54	4.1
Gstk1	1.04	1.21	1.13	0.99	0.87	0.99	1.31	0.71	0.91	0.76	1.66	1.87	1.7	1.11	1.14	1.2
Prpf8	5.86	5.15	5.2	5.14	5.6	5.32	5.49	4.92	5.09	4.67	5.42	5.57	6	5.25	5.34	5.23
Izumo1	1.4	1.31	1.15	1.13	1.1	0.75	0.84	0.94	1.26	0.76	1.85	1.84	1.53	1.13	1.17	1.43
Wdr16	0.65	0.69	0.31	0.79	0.62	0.91	0.65	1.49	1.29	1.22	0.43	0.68	1.04	0.9	1.28	1.05
Calcoco1	0.81	0.69	0.7	1.05	1.24	1	0.98	1.66	1.42	1.39	0.62	1.11	1.34	1.37	1.62	1.43
Fgd4	0.86	0.92	1.15	1.51	1.15	1.12	1.23	1.46	1.48	1.74	0.76	0.49	0.72	1.17	1.08	1.38
Bbs9	3.32	3.3	3.3	3.2	2.48	2.41	2.46	2.58	2.52	2.5	2.83	2.82	2.8	2.49	2.71	2.58
Rin1	1.82	1.99	1.85	1.94	2.31	2	2.08	2.57	2.71	2.34	2.61	2.83	2.49	2.69	2.49	2.45
Pcdh21	0.68	0.9	1.36	1.51	0.8	1.2	1.09	0.45	0.39	1.14	0.43	0.97	0.53	0.97	0.86	0.87
Fgf22	2.5	2.35	2.38	2	2.13	2.25	2.47	1.84	2.3	1.54	2.47	2.53	2.13	1.81	2.13	1.48
Cpsf6	3.71	3.51	3.87	4.28	4.09	3.97	3.76	4.61	4.14	4.63	4.17	3.97	3.67	4.5	4.05	4.28
Dcbld1	4.43	4.73	4.88	4.43	5.13	5.26	5.19	4.62	4.63	4.76	4.54	4.41	4.56	4.22	4.16	4.36
Mboat1	0.53	0.67	0.73	1.07	1.42	1.49	1.29	0.58	0.96	1.11	1.34	0.59	1.18	0.66	0.6	0.94
Slc6a12	0.29	0.46	0.94	0.93	1.49	0.94	1.13	1.09	1.19	0.74	0.98	0.64	0.69	0.6	0.81	0.26
Gldc	7.95	7.89	7.66	7.91	7.38	7.36	7.39	7.02	6.88	7.3	7.82	7.85	7.79	7.88	7.66	7.74
Ahnak2	3.63	2.73	2.99	3.12	3.93	3.69	3.65	3.47	3.85	3.11	3.23	3.31	3.69	3.44	3.67	3.4
Hist1h2bc	3.79	4.15	3.6	3.88	4.37	4.09	4.31	3.74	3.8	3.64	3.52	3.53	3.47	3.29	3.39	3.44
Itgae	2.31	2.71	2.61	2.82	1.93	2.11	1.96	1.65	1.97	1.91	2.14	2.15	2.32	1.86	2.09	2.51
Cbfa2t2	2.06	2.17	1.77	1.8	1.59	1.01	1.43	1.42	1.16	1.31	1.91	2.01	1.9	1.53	1.62	1.81
Pard3	1.15	1.4	0.43	0.94	0.92	0.77	0.83	0.75	0.94	0.32	1.28	1.31	1.5	1.04	0.71	1.16
Mtap7d3	2.6	2.52	2.64	2.65	2.7	2.71	2.73	2.91	3.01	2.93	2.24	2.24	2.37	3.22	3.19	3.33
Irak4	1.1	1.79	1.32	1.15	0.53	0.83	0.7	0.81	0.96	0.8	0.68	0.68	0.59	0.75	0.66	0.57
Lin28	4.74	4.87	4.96	4.98	4.81	4.87	4.73	4.94	4.88	5.31	4.29	4.36	4.42	5.24	5.41	5.26
Rell2	1.56	1.63	1.2	1.57	1.67	1.72	1.77	1.57	1.75	1.45	2.29	2.09	2.3	2.13	2.22	2.08
Psmb10	3.15	3.6	3.18	3.47	3.25	3.07	3.23	2.9	3	3.33	2.38	2.57	2.66	2.72	2.99	3.16
Igf2r	4.24	3.66	3.76	3.87	3.64	3.48	3.41	3.22	3.54	3.2	3.95	3.78	4.43	3.65	3.92	3.57
Map3k7	2.02	2.18	1.31	1.32	2.29	2.19	2.24	1.74	1.95	2.11	2.02	2	1.63	1.49	1.48	1.97
Thap3	1.67	1.91	1.69	1.14	1.39	1.24	1.41	1.72	1.26	1.4	1.4	1.72	0.59	1.5	1.34	0.92
Hist1h4b	1.87	1.92	1.44	1.27	2.1	2.14	2.27	1.36	1.53	1.73	2.32	2.21	2.16	1.91	1.83	1.86
Bcl6	2.77	2.94	2.97	2.87	3.16	3.18	3.11	3.41	3.5	3.08	3.7	3.72	3.67	2.91	2.83	2.86
Snx14	2.73	3.17	3.29	3.09	2.67	3.08	2.9	3.21	2.94	3.4	2.79	2.72	2	3.08	2.79	3.07
Hal	2.85	2.84	3.15	3.34	2.56	2.76	2.67	2.57	2.69	2.98	2.56	2.63	2.46	2.21	2.3	2.07
Olfml1	3.66	3.68	3.18	3.28	3.28	3.04	3.25	2.67	3.03	3	3.54	3.38	3.69	3.46	3.64	3.94
Sly	0.98	1.35	0.77	0.8	1.31	1.37	1.23	1.02	1.04	1.58	1.29	1.29	1.14	1.62	1.78	1.94
Napepld	3.63	3.31	3.48	3.47	2.84	2.76	2.7	2.92	2.9	2.71	2.83	2.53	2.89	2.65	2.91	2.77
Rbm4	2.93	2.54	3.23	3.4	3.44	3.26	3.31	3.66	3.55	3.73	3.22	2.81	3.29	3.67	3.63	3.43
Hsd17b7	3.88	3.92	4.01	3.7	3.34	3.48	3.55	3.2	3.26	3.29	3.81	3.83	3.93	3.23	2.98	3.22
Adamtsl4	1.82	1.94	1.29	1.67	1.44	1.69	1.65	1.15	1.33	1.53	0.88	0.97	0.96	1.07	1.12	1.22
Cdc42ep5	2.69	2.59	2.83	2.47	2.66	2.7	2.77	2.82	2.54	2.68	2.14	1.67	2.01	2.12	2.48	2.45
Tubb2b	5.66	5.86	5.08	5.33	5.54	5.52	5.43	6.1	5.67	5.92	5.47	5.34	5.29	5.17	4.98	4.98
Cish	2.38	2.77	2.97	2.73	3.3	3.33	3.4	3.53	3.57	3.38	3.2	3.44	3.25	3.41	3.28	3.4
Gata6	0.57	0.48	0.39	0.38	0.29	0.35	0.32	0.3	0.2	0.38	0.97	1.39	1	0.26	0.58	0.34
Scn3b	1.71	1.19	0.8	0.97	1.74	1.22	1.27	0.83	1.4	1.29	1.22	1.11	0.79	1.32	1.16	0.49
Fgf13	1.75	1.68	1.39	1.5	1.67	1.82	1.7	1.99	2.15	1.9	2.16	2.24	2.13	2.25	2.36	2.56
Zscan4c	0.53	0.37	1.05	1.3	0.23	0.31	0.38	0.12	0.15	0.2	0.33	0.38	0.15	0.36	0.27	0.14
Il4i1	1.36	1.34	1.23	1.53	1.46	1.16	1.31	0.44	0.39	1.44	1.39	1.27	1.37	1.31	1.12	1.13
Cat	5.01	5.15	5.07	4.58	4.64	4.53	4.6	4.69	4.63	4.47	4.49	4.58	4.4	4.39	4.17	3.81
Car13	4.83	4.81	5.02	5.05	5.07	4.9	5.03	5.15	5.2	4.84	4.85	4.74	5.01	4.12	4.26	4.26
B3galt6	2.56	2.07	2.56	3.16	2.9	2.9	2.89	3.09	3.23	3.53	2.82	2.91	2.6	2.93	2.91	2.95
Calca	0.51	0.84	0.68	1.22	1.22	1.53	1.57	1.36	1.34	1.63	1.04	1.58	1.13	1.18	1.17	1.51
Smcr8	0.49	0.7	0.94	0.94	0.94	0.7	0.72	1.02	1.26	1.27	0.38	0.36	0.64	1.52	1.02	1.08
Arpc1b	5.19	5.43	5.01	4.45	4.8	4.83	4.76	4.6	4.77	4.74	5.22	5.22	5.14	4.55	4.53	4.27
Bcl2l14	0.63	0.59	1.07	0.39	0.41	0.54	0.47	0.2	1.03	0.41	1.39	0.66	1.05	0.56	0.47	0.31
Eps8l2	0.59	0.56	0.98	0.8	0.46	0.24	0.58	1.37	1.14	0.38	0.46	0.51	1.02	0.9	0.28	0.44
G0s2	2.47	2.56	1.98	2.77	2.2	1.82	2.14	2.96	2.8	2.49	2.41	2.2	2.19	2.48	2.63	2.87
Kcnn1	1.7	1.76	1.24	1.01	1.29	1.4	1.51	1.56	1.6	0.92	0.83	0.85	0.96	1.21	0.9	0.88
Glipr2	5.65	5.78	5.83	5.94	5.91	6.02	6.01	6.4	6.36	6.37	6.21	6.3	6.24	6.6	6.68	6.73
Rtkn	2.07	1.85	1.57	1.35	1.95	2.06	2.07	1.05	1.51	1.67	2.26	1.89	2.16	1.79	1.8	1.47
Stmn2	6	5.89	6.32	6.62	6.4	6.61	6.43	6.49	6.3	6.84	5.91	5.76	5.75	6.4	6.48	6.41
Taf7	1	0.26	0.87	0.99	0.82	1.15	1.21	1.22	1.09	1.47	0.71	0.57	0.89	1.37	0.97	1.5
Sort1	3.38	3.34	2.85	2.96	3.71	3.92	3.9	3.55	4.01	3.34	3.66	3.8	3.76	3.39	3.5	3.44
Shf	0.79	0.55	0.72	0.95	0.61	0.54	0.52	0.6	0.81	0.8	0.98	1.05	1.64	1.12	1.3	1.33
Zdhhc20	1.11	1.31	0.87	1.13	0.66	0.7	0.71	0.54	0.33	0.85	0.65	0.28	1.37	0.51	0.78	0.45
Susd4	1.76	1.55	1.83	1.85	2.43	2.35	2.38	1.89	1.98	1.89	2.35	2.39	2.62	2.44	2.51	2.33
Podxl	3.14	3.1	2.37	2.9	3.57	3.5	3.91	3.5	3.2	3.24	3.27	3.24	3.31	3.26	3.25	3.21
Mod1	3.52	4.02	3.7	3.43	3.12	3.03	3.09	3.22	3.25	3.07	3.13	3.43	3.07	2.87	2.86	2.79
Prph	0.7	0.75	1.04	0.6	0.88	0.9	1.41	1.27	1.51	0.96	0.81	0.67	0.86	1.35	1.58	1.41
Porcn	4.04	4.46	3.89	4.82	3.96	4.04	4.13	3.7	3.51	4.31	4.21	4.27	4	3.67	3.8	3.86
Tpt1	2.22	2.35	2.86	2.9	2.43	2.39	2.23	3.03	3.05	2.85	2.06	2.57	2.16	2.71	2.5	2.88
Pdgfrl	1.37	1.54	1.61	1.03	0.75	1.05	0.91	0.48	0.55	0.98	0.81	0.78	0.84	0.96	0.7	0.67
Pmm2	1.8	1.86	2.33	2.57	2.26	2	1.93	2.28	2.24	2.88	2.12	2.08	1.88	2.68	2.55	2.59
Kctd15	2.03	1.7	1.92	1.61	1.92	1.82	1.84	2.67	2.53	2.16	2.59	2.39	2.42	2.02	2.29	2.24
Tcn2	2.47	2.88	2.32	1.94	1.88	2.2	2.21	2.02	2.18	2.02	2.33	2.72	2.41	1.71	1.76	1.98
Per2	0.97	0.37	1.27	1.5	1.39	1.33	0.74	0.68	1.31	1.26	0.69	1.16	1.05	1.2	0.68	0.84
Ktn1	1.31	1.8	1.5	1.59	1.21	1.33	1.42	1.8	1.29	0.75	0.82	1.32	0.79	1.19	1.34	0.91
Ttyh1	2.43	2.99	3.29	3.03	2.97	3.28	3.46	3.38	3.25	3.55	2.67	2.83	2.52	3.16	2.86	3.01
Steap1	1.44	1.68	1.82	1.56	2.3	2.25	2.28	2.51	2.31	2.62	2.16	2.06	2.13	2	2.09	1.92
Piwil1	1.88	2.15	2.06	2.02	1.14	1.25	1.36	1.34	1.22	1.3	1.23	1.59	1.43	1.47	1.47	1.42
Psmd10	3.23	3.57	3.66	3.88	3.02	3.22	3.18	3.9	3.82	3.83	3.38	3.17	3.21	3.63	3.75	4.04
Hist1h4c	1.69	1.91	1.63	1.81	2.06	1.6	1.88	1.79	1.73	1.97	2.42	2.15	2.23	2.32	2.5	2.65
Klk8	4.35	4.48	4.98	4.92	4.6	4.48	4.66	4.85	5.1	4.93	4.04	4.12	4.17	4.67	4.83	4.83
Lrpap1	6.43	6.34	6.8	6.71	7.11	6.95	7.05	7.32	7.47	7.35	6.79	6.63	6.69	7.14	7.13	7.03
Ntn2l	1.17	0.51	0.93	1.34	1.6	0.99	1.25	1.52	1.62	1.24	1.49	1.09	1.32	1.65	1.73	1.59
Rusc2	3.94	4.17	3.92	3.65	4.05	4.28	4.39	4.1	4.59	3.65	4.44	4.63	4.55	3.78	3.87	3.97
Ak3l1	3.51	3.36	3.53	3.02	3.03	3.14	3.08	3.19	3.31	3.53	3.84	3.98	3.99	3.82	3.6	3.49
Dpm1	0.57	0.66	1.19	1.49	1.02	1.35	1.02	1.48	1.33	1.37	0.9	1.06	1.1	1.56	1.69	1.54
Kif23	4.16	4.06	4.35	4.16	4.8	4.95	4.96	4.7	4.91	4.77	4.82	5.14	4.92	4.86	4.71	4.75
Coil	3.83	3.95	3.64	3.67	4.06	3.9	4.06	3.35	3.26	3.47	4.29	4.23	4.38	3.78	3.78	3.64
Zkscan14	2.95	3.25	3.02	3.43	3.58	3.62	3.77	3.92	4.03	3.9	3.63	3.71	3.41	3.79	3.93	3.88
Zfp446	2.33	1.83	2.63	2.72	2.7	2.82	2.72	3.02	3.13	3.01	2.58	2.62	2.43	2.82	2.87	3.09
Bdnf	0.38	0.31	0.62	1.11	0.67	0.59	0.67	1.26	1.12	1.26	0.51	0.35	0.9	0.92	0.98	0.45
Elovl7	1.67	1.99	1.62	1.53	1.68	1.48	1.56	1.28	1.16	1.55	1.13	0.75	1.18	1.21	0.99	0.99
Cxcr4	0.74	0.51	1.33	1.2	0.89	0.86	1.44	1.16	1.31	0.98	0.61	0.31	0.71	0.86	0.76	0.58
Cpn1	1.02	1.23	1.04	1.06	0.53	0.69	0.69	1.01	0.89	0.78	1.4	1.75	1.49	1.29	1.27	1.18
Matk	1.47	1.12	0.82	1.06	1.39	1.06	1.19	1.45	1.27	0.96	0.71	0.62	0.5	0.67	0.7	0.59
Ggta1	3.48	3.04	3.27	3.28	3.63	3.94	3.83	2.93	3.62	3.23	3.54	3.58	3.68	2.96	2.95	3.16
Map4k4	2.2	2.15	1.86	1.29	2	1.92	2	1.76	1.94	1.86	2.04	2.14	2.81	1.76	1.88	1.56
Cth	5.41	5.48	5.97	6.11	6.22	6.36	6.1	6.56	6.12	6.4	5.88	5.77	5.9	6.47	5.98	6.09
Gabarapl1	4.16	3.98	4.09	3.67	3.22	3.24	3.24	3.49	3.44	3.36	3.29	3.12	3.26	3.44	3.51	3.29
Pik3r3	2.23	2.25	2.83	2.75	2.77	2.87	2.85	2	1.89	2.14	2.16	2.24	2.35	2.3	2.22	2.19
Trrap	2.75	2.63	2.55	2.59	3.02	2.66	2.75	2.29	2.92	2.15	3.05	2.5	3.12	2.27	2.69	2.01
Vasn	0.99	1.31	1.3	1.21	1.72	1.81	2.11	1.95	1.9	1.79	1.59	1.32	1.45	1.96	1.51	1.33
Fxyd6	5.34	5.56	5.94	5.26	4.94	5.05	5.05	5.41	5.64	5	4.86	5.04	4.86	4.83	4.92	5.29
Espl1	4.12	3.27	3.73	3.67	4.11	4.01	4.14	4.01	4	3.54	4.16	4.27	4.66	3.97	3.87	3.72
Kcnab3	1.15	1.5	0.63	0.91	1.09	1.15	1.13	0.67	0.76	1.36	0.43	0.4	0.67	0.87	1	0.58
Ahi1	2.71	2.55	2.06	2.29	2.32	2.28	2.24	2.4	2.19	2.23	3.01	3	2.91	2.85	2.8	2.8
Tdp1	1.44	0.99	1.25	1.45	1.55	1.22	1.38	1.26	1.37	0.76	1.38	1.12	1.71	0.79	1.87	1.83
